larghezza ideale c
10 -1 0.5
8 -1 0.5
8 -1 0.5
8 -1 0.5
8 -1 0.5
8 -1 0.5
8 -1 0.5
8 -1 0.5
8 -1 0.5
8 -1 0.5
8 -1 0.5
8 -1 0.5
8 -1 0.5
8 -1 0.5
8 -1 0.5
8 -1 0.5
8 -1 0.5
8 -1 0.5
8 -1 0.5
8 -1 0.5
8 -1 0.5
8 -1 0.5
8 -1 0.5
8 -1 0.5
8 -1 0.5
8 -1 0.5
8 -1 0.5
8 -1 0.5
8 -1 0.5
8 -1 0.5
8 -1 0.5
8 -1 0.5
8 -1 0.5
8 -1 0.5
8 -1 0.5
8 -1 0.5
8 -1 0.5
8 -1 0.5
8 -1 0.5
8 -1 0.5
8 -1 0.5
8 -1 0.5
8 -1 0.5
8 -1 0.5
8 -1 0.5
8 -1 0.5
8 -1 0.5
8 -1 0.5
8 -1 0.5
8 -1 0.5
8 -1 0.5
8 -1 0.5
8 -1 0.5
8 -1 0.5
8 -1 0.5
8 -1 0.5
8 -1 0.5
8 -1 0.5
8 -1 0.5
8 -1 0.5
8 -1 0.5
8 -1 0.5
8 -1 0.5
8 -1 0.5
8 -1 0.5
8 -1 0.5
8 -1 0.5
8 -1 0.5
8 -1 0.5
8 -1 0.5
8 -1 0.5
8 -1 0.5
8 -1 0.5
8 -1 0.5
8 -1 0.5
8 -1 0.5
8 -1 0.5
8 -1 0.5
8 -1 0.5
8 -1 0.5
8 -1 0.5
8 -1 0.5
8 -1 0.5
8 -1 0.5
8 -1 0.5
8 -1 0.5
8 -1 0.5
8 -1 0.5
8 -1 0.5
8 -1 0.5
8 -1 0.5
8 -1 0.5
8 -1 0.5
8 -1 0.5
8 -1 0.5
8 -1 0.5
8 -1 0.5
8 -1 0.5
8 -1 0.5
8 -1 0.5
8 -1 0.5
8 -1 0.5
8 -1 0.5
8 -1 0.5
8 -1 0.5
8 -1 0.5
8 -1 0.5
8 -1 0.5
8 -1 0.5
8 -1 0.5
25 pre curva
4 -1 1
4 -1 1
4 -1 1
4 -1 1
4 -1 1
4 -1 1
4 -1 1
4 -1 1
4 -1 1
4 -1 1
4 -1 1
4 -1 1
4 -1 1
4 -1 1
4 -1 1
4 -1 1
4 -1 1
4 -1 1
4 -1 1
4 -1 1
4 -1 1
4 -1 1
4 -1 1
4 -1 1
4 -1 1
20 curva
4 -1 1
4 -1 1
4 -1 1
4 -1 1
4 -1 1
4 -1 1
4 -1 1
4 -1 1
4 -1 1
4 -1 1
4 -1 1
4 -1 1
4 -1 1
4 -1 1
4 -1 1
4 -1 1
4 -1 1
4 -1 1
4 -1 1
4 -1 1
5 -1 0
5 -1 0
5 -1 0
5 -1 0
5 -1 0
5 -1 0
5 -1 0
5 -1 0
5 -1 0
5 -1 0
5 -1 0
5 -1 0
5 -1 0
5 -1 0
5 -1 0
5 -1 0
5 -1 0
5 -1 0
5 -1 0
5 -1 0
5 -1 0
5 -1 0
5 -1 0
5 -1 0
5 -1 0
5 -1 0
5 -1 0
5 -1 0
5 -1 0
5 -1 0
5 -1 0
5 -1 0
5 -1 0
5 -1 0
5 -1 0
5 -1 0
5 -1 0
5 -1 0
5 -1 0
5 -1 0
5 -1 0
5 -1 0
5 -1 0
5 -1 0
5 -1 0
5 -1 0
5 -1 0
5 -1 0
5 -1 0
5 -1 0
5 -1 0
5 -1 0
5 -1 0
5 -1 0
5 -1 0
5 -1 0
5 -1 0
5 -1 0
5 -1 0
5 -1 0
5 -1 0
5 -1 0
5 -1 0
5 -1 0
5 -1 0
5 -1 0
5 -1 0
5 -1 0
5 -1 0
25 pre curva
4 -1 1
4 -1 1
4 -1 1
4 -1 1
4 -1 1
4 -1 1
4 -1 1
4 -1 1
4 -1 1
4 -1 1
4 -1 1
4 -1 1
4 -1 1
4 -1 1
4 -1 1
4 -1 1
4 -1 1
4 -1 1
4 -1 1
4 -1 1
4 -1 1
4 -1 1
4 -1 1
4 -1 1
4 -1 1
20 curva
4 -1 1
4 -1 1
4 -1 1
4 -1 1
4 -1 1
4 -1 1
4 -1 1
4 -1 1
4 -1 1
4 -1 1
4 -1 1
4 -1 1
4 -1 1
4 -1 1
4 -1 1
4 -1 1
4 -1 1
4 -1 1
4 -1 1
4 -1 1
6 -1 0
6 -1 0
6 -1 0
6 -1 0
6 -1 0
6 -1 0
6 -1 0
6 -1 0
6 -1 0
6 -1 0
6 -1 0
6 -1 0
6 -1 0
6 -1 0
6 -1 0
6 -1 0
6 -1 0
6 -1 0
6 -1 0
6 -1 0
6 -1 0
6 -1 0
6 -1 0
6 -1 0
6 -1 0
6 -1 0
6 -1 0
6 -1 0
6 -1 0
6 -1 0
6 -1 0
6 -1 0
6 -1 0
6 -1 0
6 -1 0
6 -1 0
6 -1 0
6 -1 0
6 -1 0
6 -1 0
6 -1 0
6 -1 0
6 -1 0
6 -1 0
6 -1 0
6 -1 0
6 -1 0
6 -1 0
6 -1 0
6 -1 0
6 -1 0
6 -1 0
6 -1 0
6 -1 0
6 -1 0
6 -1 0
6 -1 0
6 -1 0
6 -1 0
6 -1 0
6 -1 0
6 -1 0
6 -1 0
6 -1 0
6 -1 0
6 -1 0
6 -1 0
6 -1 0
6 -1 0
6 -1 0

