180.443785472 576.987286472
171.859029232 582.115830154
163.274272992 587.244373836
154.689516752 592.372917518
146.104760512 597.501461201
137.520004272 602.630004883 ---
128.935248032 607.758548565
120.350491793 612.887092247
111.765735553 618.015635929
103.180979313 623.144179612
94.5962230726 628.272723294
####
175.667326509 588.524321373
166.935496255 593.398245912
158.203666001 598.272170452
149.471835747 603.146094992
140.740005493 608.020019531 ---
132.008175239 612.893944071
123.276344985 617.767868611
114.544514732 622.64179315
105.812684478 627.51571769
97.0808542239 632.389642229
88.3490239701 637.263566769
####
179.125532386 594.722239536
170.356650053 599.529182704
161.587767719 604.336125871
152.818885385 609.143069039
144.050003052 613.950012207 ---
135.281120718 618.756955375
126.512238384 623.563898543
117.743356051 628.37084171
108.974473717 633.177784878
100.205591383 637.984728046
91.4367090498 642.791671214
####
182.619670774 601.096353647
173.844754149 605.892272559
165.069837523 610.688191472
156.294920898 615.484110384
147.520004272 620.280029297 ---
138.745087647 625.075948209
129.970171021 629.871867122
121.195254396 634.667786035
112.420337771 639.463704947
103.645421145 644.25962386
94.8705045196 649.055542772
####
186.197935674 607.643802807
177.438452671 612.467852716
168.678969668 617.291902624
159.919486665 622.115952533
151.160003662 626.940002441 ---
142.400520659 631.76405235
133.641037656 636.588102258
124.881554653 641.412152167
116.12207165 646.236202075
107.362588647 651.060251984
98.603105644 655.884301892
####
189.813797355 614.213175912
181.100349695 619.119888648
172.386902034 624.026601384
163.673454374 628.93331412
154.960006714 633.840026855 ---
146.246559054 638.746739591
137.533111393 643.653452327
128.819663733 648.560165063
120.106216073 653.466877799
111.392768413 658.373590535
102.679320752 663.28030327
93.965873092 668.187016006
####
193.500463626 620.768321423
184.857845889 625.798744729
176.215228151 630.829168036
167.572610413 635.859591342
158.929992676 640.890014648 ---
150.287374938 645.920437955
141.6447572 650.950861261
133.002139463 655.981284567
124.359521725 661.011707874
115.716903988 666.04213118
107.07428625 671.072554486
98.4316685122 676.102977793
####
197.28596261 627.284729632
188.734472415 632.468552107
180.18298222 637.652374582
171.631492026 642.836197056
163.080001831 648.020019531 ---
154.528511636 653.203842006
145.977021442 658.387664481
137.425531247 663.571486956
128.874041052 668.755309431
120.322550858 673.939131906
111.771060663 679.12295438
103.219570468 684.306776855
94.6680802738 689.49059933
####
201.231211108 633.804611816
192.770908178 639.135960083
184.310605249 644.46730835
175.850302319 649.798656616
167.38999939 655.130004883 ---
158.92969646 660.461353149
150.469393531 665.792701416
142.009090601 671.124049683
133.548787671 676.455397949
125.088484742 681.786746216
116.628181812 687.118094483
108.167878883 692.449442749
99.7075759533 697.780791016
####
205.280844101 640.242573613
196.915634907 645.721923496
188.550425712 651.201273379
180.185216518 656.680623262
171.820007324 662.159973145 ---
163.45479813 667.639323027
155.089588936 673.11867291
146.724379742 678.598022793
138.359170548 684.077372676
129.993961354 689.556722559
121.62875216 695.036072442
113.263542965 700.515422324
104.898333771 705.994772207
####
209.402597246 646.545762708
201.131949766 652.166829355
192.861302285 657.787896002
184.590654805 663.40896265
176.320007324 669.030029297 ---
168.049359844 674.651095944
159.778712363 680.272162591
151.508064883 685.893229239
143.237417402 691.514295886
134.966769922 697.135362533
126.696122441 702.75642918
118.42547496 708.377495828
110.15482748 713.998562475
101.884179999 719.619629122
####
213.667246163 652.825865025
205.465434775 658.546904262
197.263623387 664.267943499
189.061811999 669.988982736
180.86000061 675.710021973 ---
172.658189222 681.43106121
164.456377834 687.152100447
156.254566446 692.873139684
148.052755057 698.594178921
139.850943669 704.315218158
131.649132281 710.036257395
123.447320893 715.757296632
115.245509504 721.478335869
107.043698116 727.199375106
####
217.852228497 658.832890172
209.734172593 664.672168239
201.61611669 670.511446307
193.498060786 676.350724374
185.380004883 682.190002441 ---
177.261948979 688.029280509
169.143893076 693.868558576
161.025837172 699.707836644
152.907781269 705.547114711
144.789725365 711.386392778
136.671669462 717.225670846
128.553613559 723.064948913
120.435557655 728.90422698
112.317501752 734.743505048
104.199445848 740.582783115
####
222.142727397 664.800741846
214.079545395 670.715561878
206.016363393 676.63038191
197.953181391 682.545201941
189.88999939 688.460021973 ---
181.826817388 694.374842004
173.763635386 700.289662036
165.700453384 706.204482067
157.637271382 712.119302099
149.574089381 718.03412213
141.510907379 723.948942162
133.447725377 729.863762194
125.384543375 735.778582225
117.321361373 741.693402257
109.258179372 747.608222288
####
226.369453044 670.565929191
218.364591309 676.5594414
210.359729574 682.552953609
202.354867839 688.546465818
194.350006104 694.539978027 ---
186.345144368 700.533490237
178.340282633 706.527002446
170.335420898 712.520514655
162.330559163 718.514026864
154.325697428 724.507539073
146.320835693 730.501051282
138.315973958 736.494563492
130.311112222 742.488075701
122.306250487 748.48158791
114.301388752 754.475100119
106.296527017 760.468612328
####
230.597151175 676.214977257
222.645361703 682.278725619
214.69357223 688.34247398
206.741782758 694.406222342
198.789993286 700.469970703 ---
190.838203814 706.533719065
182.886414342 712.597467426
174.93462487 718.661215787
166.982835398 724.724964149
159.031045926 730.78871251
151.079256453 736.852460872
143.127466981 742.916209233
135.175677509 748.979957595
127.223888037 755.043705956
119.272098565 761.107454318
111.320309093 767.171202679
####
226.920285203 687.885871349
219.010190949 694.003910978
211.100096695 700.121950606
203.190002441 706.239990234 ---
195.279908187 712.358029863
187.369813934 718.476069491
179.45971968 724.594109119
171.549625426 730.712148748
163.639531172 736.830188376
155.729436918 742.948228004
147.819342664 749.066267633
139.90924841 755.184307261
131.999154156 761.302346889
124.089059902 767.420386518
116.178965648 773.538426146
108.268871394 779.656465774
####
231.102043836 693.295067565
223.254695077 699.493383259
215.407346318 705.691698954
207.559997559 711.890014648 ---
199.712648799 718.088330343
191.86530004 724.286646038
184.017951281 730.484961732
176.170602522 736.683277427
168.323253762 742.881593122
160.475905003 749.079908816
152.628556244 755.278224511
144.781207484 761.476540206
136.933858725 767.6748559
129.086509966 773.873171595
121.239161207 780.071487289
113.391812447 786.269802984
####
235.248443337 698.547745121
227.472294948 704.835154462
219.696146558 711.122563803
211.919998169 717.409973145 ---
204.143849779 723.697382486
196.36770139 729.984791827
188.591553 736.272201168
180.815404611 742.55961051
173.039256221 748.847019851
165.263107832 755.134429192
157.486959442 761.421838533
149.710811053 767.709247875
141.934662663 773.996657216
134.158514274 780.284066557
126.382365884 786.571475898
118.606217495 792.85888524
110.830069105 799.146294581
####
239.35282124 703.627943667
231.658548917 710.015288453
223.964276595 716.40263324
216.270004272 722.789978027 ---
208.57573195 729.177322814
200.881459627 735.564667601
193.187187305 741.952012388
185.492914982 748.339357175
177.79864266 754.726701962
170.104370337 761.114046749
162.410098015 767.501391536
154.715825692 773.888736323
147.02155337 780.27608111
139.327281047 786.663425897
131.633008725 793.050770684
123.938736402 799.438115471
116.24446408 805.825460258
####
243.381814822 708.487778563
235.794541587 715.001862141
228.207268352 721.515945719
220.619995117 728.030029297 ---
213.032721882 734.544112875
205.445448647 741.058196453
197.858175413 747.57228003
190.270902178 754.086363608
182.683628943 760.600447186
175.096355708 767.114530764
167.509082473 773.628614342
159.921809238 780.14269792
152.334536003 786.656781497
144.747262768 793.170865075
137.159989533 799.684948653
129.572716298 806.199032231
121.985443064 812.713115809
114.398169829 819.227199387
106.810896594 825.741282964
####
247.32941478 713.096239407
239.882945017 719.770824644
232.436475255 726.445409881
224.990005493 733.119995117 ---
217.543535731 739.794580354
210.097065969 746.469165591
202.650596207 753.143750827
195.204126445 759.818336064
187.757656682 766.4929213
180.31118692 773.167506537
172.864717158 779.842091774
165.418247396 786.51667701
157.971777634 793.191262247
150.525307872 799.865847484
143.07883811 806.54043272
135.632368347 813.215017957
128.185898585 819.889603194
120.739428823 826.56418843
####
251.270293814 717.504886561
243.980193841 724.34991705
236.690093869 731.194947539
229.399993896 738.039978027 ---
222.109893924 744.885008516
214.819793952 751.730039005
207.529693979 758.575069494
200.239594007 765.420099982
192.949494034 772.265130471
185.659394062 779.11016096
178.36929409 785.955191449
171.079194117 792.800221938
163.789094145 799.645252426
156.498994172 806.490282915
149.2088942 813.335313404
141.918794228 820.180343893
134.628694255 827.025374381
127.338594283 833.87040487
####
255.143095898 721.646897481
248.048730802 728.694590997
240.954365706 735.742284512
233.86000061 742.789978027 ---
226.765635515 749.837671543
219.671270419 756.885365058
212.576905323 763.933058574
205.482540227 770.980752089
198.388175131 778.028445604
191.293810035 785.07613912
184.19944494 792.123832635
177.105079844 799.171526151
170.010714748 806.219219666
162.916349652 813.266913181
155.821984556 820.314606697
148.72761946 827.362300212
141.633254365 834.409993728
####
259.055005087 725.602388604
252.166669855 732.851584265
245.278334622 740.100779925
238.38999939 747.349975586 ---
231.501664157 754.599171247
224.613328925 761.848366907
217.724993692 769.097562568
210.83665846 776.346758228
203.948323227 783.595953889
197.059987995 790.84514955
190.171652763 798.09434521
183.28331753 805.343540871
176.394982298 812.592736531
169.506647065 819.841932192
162.618311833 827.091127852
155.7299766 834.340323513
148.841641368 841.589519174
####
262.926157471 729.304606289
256.287436483 736.783067604
249.648715495 744.261528919
243.009994507 751.739990234 ---
236.371273519 759.218451549
229.73255253 766.696912865
223.093831542 774.17537418
216.455110554 781.653835495
209.816389566 789.13229681
203.177668578 796.610758125
196.53894759 804.08921944
189.900226601 811.567680755
183.261505613 819.04614207
176.622784625 826.524603385
169.984063637 834.0030647
163.345342649 841.481526015
####
266.902819887 732.856137043
260.5118785 740.547422254
254.120937114 748.238707465
247.729995728 755.929992676 ---
241.339054341 763.621277887
234.948112955 771.312563098
228.557171569 779.003848309
222.166230182 786.69513352
215.775288796 794.386418731
209.38434741 802.077703942
202.993406023 809.768989153
196.602464637 817.460274364
190.211523251 825.151559575
183.820581864 832.842844786
177.429640478 840.534129997
171.038699092 848.225415208
####
264.82792975 744.149004874
258.70396579 752.054513423
252.580001831 759.960021973 ---
246.456037872 767.865530522
240.332073912 775.771039071
234.208109953 783.676547621
228.084145993 791.58205617
221.960182034 799.487564719
215.836218075 807.393073269
209.712254115 815.298581818
203.588290156 823.204090368
197.464326196 831.109598917
191.340362237 839.015107466
185.216398278 846.920616016
179.092434318 854.826124565
####
269.222654902 747.569651424
263.386321348 755.689824492
257.549987793 763.809997559 ---
251.713654238 771.930170626
245.877320684 780.050343693
240.040987129 788.17051676
234.204653574 796.290689827
228.36832002 804.410862894
222.531986465 812.531035961
216.69565291 820.651209028
210.859319356 828.771382095
205.022985801 836.891555162
199.186652247 845.011728229
193.350318692 853.131901296
####
273.836820941 750.897750785
268.253417184 759.193870509
262.670013428 767.489990234 ---
257.086609671 775.786109959
251.503205914 784.082229684
245.919802158 792.378349409
240.336398401 800.674469134
234.752994645 808.970588859
229.169590888 817.266708584
223.586187131 825.562828309
218.002783375 833.858948034
212.419379618 842.155067759
206.835975861 850.451187484
201.252572105 858.747307209
####
278.563689906 754.091183905
273.246841291 762.560606601
267.929992676 771.030029297 ---
262.613144061 779.499451993
257.296295445 787.968874689
251.97944683 796.438297385
246.662598215 804.907720081
241.3457496 813.377142777
236.028900985 821.846565473
230.712052369 830.315988169
225.395203754 838.785410865
220.078355139 847.254833561
214.761506524 855.724256257
####
283.47311939 757.182904949
278.401552981 765.80144393
273.329986572 774.41998291 ---
268.258420163 783.038521891
263.186853754 791.657060871
258.115287345 800.275599852
253.043720936 808.894138832
247.972154527 817.512677813
242.900588118 826.131216793
237.829021709 834.749755774
232.7574553 843.368294754
227.685888891 851.986833735
222.614322482 860.605372716
####
288.522594066 760.163505199
283.696294592 768.921748937
278.869995117 777.679992676 ---
274.043695643 786.438236414
269.217396168 795.196480153
264.391096694 803.954723891
259.564797219 812.71296763
254.738497745 821.471211368
249.91219827 830.229455107
245.085898796 838.987698845
240.259599321 847.745942584
235.433299847 856.504186322
####
293.750111898 763.051683549
289.150049845 771.930840554
284.549987793 780.809997559 ---
279.94992574 789.689154563
275.349863688 798.568311568
270.749801635 807.447468573
266.149739583 816.326625577
261.54967753 825.205782582
256.949615478 834.084939586
252.349553425 842.964096591
247.749491373 851.843253596
243.14942932 860.7224106
####
299.146244275 765.853325546
294.753114813 774.836666435
290.359985352 783.820007324 ---
285.96685589 792.803348213
281.573726428 801.786689103
277.180596967 810.770029992
272.787467505 819.753370881
268.394338043 828.736711771
264.001208582 837.72005266
259.60807912 846.703393549
255.214949658 855.686734438
250.821820197 864.670075328
####
304.690326906 768.569635956
300.490167725 777.644803329
296.290008545 786.719970703 ---
292.089849365 795.795138077
287.889690184 804.87030545
283.689531004 813.945472824
279.489371824 823.020640198
275.289212643 832.095807571
271.089053463 841.170974945
266.888894282 850.246142319
262.688735102 859.321309692
####
314.378631149 762.041459309
310.365752878 771.200979383
306.352874608 780.360499457
302.339996338 789.520019531 ---
298.327118068 798.679539605
294.314239797 807.83905968
290.301361527 816.998579754
286.288483257 826.158099828
282.275604987 835.317619902
278.262726717 844.477139976
274.249848446 853.63666005
270.236970176 862.796180124
####
320.002644162 764.511124437
316.161766437 773.744090282
312.320888712 782.977056127
308.480010986 792.210021973 ---
304.639133261 801.442987818
300.798255536 810.675953663
296.95737781 819.908919508
293.116500085 829.141885354
289.27562236 838.374851199
285.434744634 847.607817044
281.593866909 856.840782889
277.752989184 866.073748734
####
325.750045174 766.907330186
322.076700445 776.20821931
318.403355715 785.509108434
314.730010986 794.809997559 ---
311.056666257 804.110886683
307.383321528 813.411775807
303.709976799 822.712664931
300.03663207 832.013554055
296.363287341 841.31444318
292.689942612 850.615332304
289.016597883 859.916221428
285.343253153 869.217110552
####
331.603166512 769.223673691
328.088776861 778.585781647
324.57438721 787.947889603
321.059997559 797.309997559 ---
317.545607908 806.672105515
314.031218256 816.034213471
310.516828605 825.396321427
307.002438954 834.758429383
303.488049303 844.120537339
299.973659652 853.482645295
296.459270001 862.844753251
####
337.564623681 771.465757092
334.203086116 780.883828296
330.841548551 790.301899499
327.480010986 799.719970703 ---
324.118473421 809.138041907
320.756935856 818.556113111
317.395398291 827.974184314
314.033860726 837.392255518
310.672323161 846.810326722
307.310785596 856.228397926
303.949248031 865.646469129
####
343.622554808 773.631856853
340.408373534 783.101230578
337.19419226 792.570604303
333.980010986 802.039978027 ---
330.765829712 811.509351752
327.551648438 820.978725477
324.337467165 830.448099201
321.123285891 839.917472926
317.909104617 849.386846651
314.694923343 858.856220376
311.480742069 868.3255941
####
349.71355114 775.703796351
346.659030024 785.225870744
343.604508909 794.747945138
340.549987793 804.270019531 ---
337.495466677 813.792093925
334.440945561 823.314168318
331.386424446 832.836242711
328.33190333 842.358317105
325.277382214 851.880391498
322.222861099 861.402465892
319.168339983 870.924540285
####
355.931577306 777.701856025
353.017719018 787.267912155
350.10386073 796.833968284
347.190002441 806.400024414 ---
344.276144153 815.966080544
341.362285865 825.532136673
338.448427577 835.098192803
335.534569288 844.664248933
332.620711 854.230305062
329.706852712 863.796361192
326.792994424 873.362417322
####
364.946276152 769.999764739
362.189710471 779.612326606
359.43314479 789.224888473
356.676579109 798.83745034
353.920013428 808.450012207 ---
351.163447747 818.062574074
348.406882066 827.675135941
345.650316385 837.287697808
342.893750704 846.900259675
340.137185023 856.512821542
337.380619342 866.125383409
####
371.106724052 771.772107193
368.510043344 781.429086498
365.913362636 791.086065804
363.316681928 800.743045109
360.720001221 810.400024414 ---
358.123320513 820.057003719
355.526639805 829.713983025
352.929959097 839.37096233
350.33327839 849.027941635
347.736597682 858.68492094
345.139916974 868.341900246
####
377.406338017 773.470677489
374.954755039 783.165508117
372.50317206 792.860338745
370.051589082 802.555169372
367.600006104 812.25 ---
365.148423125 821.944830628
362.696840147 831.639661255
360.245257168 841.334491883
357.79367419 851.029322511
355.342091212 860.724153139
352.890508233 870.418983766
####
383.715285215 775.071844581
381.426463301 784.806385877
379.137641387 794.540927173
376.848819473 804.27546847
374.559997559 814.010009766 ---
372.271175644 823.744551062
369.98235373 833.479092358
367.693531816 843.213633654
365.404709902 852.94817495
363.115887988 862.682716246
360.827066074 872.417257542
####
390.105735585 776.580441998
387.984300468 786.352827226
385.862865351 796.125212454
383.741430234 805.897597682
381.619995117 815.66998291 ---
379.49856 825.442368138
377.377124883 835.214753366
375.255689766 844.987138594
373.134254649 854.759523822
371.012819532 864.53190905
368.891384415 874.304294278
####
396.604718672 777.996756376
394.643541446 787.802559958
392.682364219 797.608363539
390.721186992 807.414167121
388.760009766 817.219970703 ---
386.798832539 827.025774285
384.837655312 836.831577867
382.876478086 846.637381449
380.915300859 856.44318503
378.954123632 866.248988612
376.992946406 876.054792194
####
403.174990398 779.316926453
401.38374524 789.155190567
399.592500082 798.993454681
397.801254924 808.831718796
396.010009766 818.66998291 ---
394.218764608 828.508247025
392.427519449 838.346511139
390.636274291 848.184775253
388.845029133 858.023039368
387.053783975 867.861303482
385.262538817 877.699567596
####
409.928756358 780.551390289
408.289066048 790.416045158
406.649375738 800.280700027
405.009685427 810.145354897
403.369995117 820.010009766 ---
401.730304807 829.874664635
400.090614497 839.739319504
398.450924187 849.603974373
396.811233876 859.468629242
395.171543566 869.333284111
393.531853256 879.19793898
####
416.676759182 781.679616504
415.215066029 791.572212378
413.753372877 801.464808252
412.291679725 811.357404126
410.829986572 821.25 ---
409.36829342 831.142595874
407.906600267 841.035191748
406.444907115 850.927787622
404.983213963 860.820383496
403.52152081 870.71297937
402.059827658 880.605575245
####
423.669628135 782.717298482
422.354722016 792.630472641
421.039815898 802.5436468
419.72490978 812.456820958
418.410003662 822.369995117 ---
417.095097544 832.283169276
415.780191426 842.196343435
414.465285308 852.109517593
413.15037919 862.022691752
411.835473072 871.935865911
410.520566953 881.849040069
####
430.684793392 783.653636787
429.53859657 793.587731253
428.392399748 803.521825718
427.246202926 813.455920183
426.100006104 823.390014648 ---
424.953809281 833.324109114
423.807612459 843.258203579
422.661415637 853.192298044
421.515218815 863.12639251
420.369021993 873.060486975
419.22282517 882.99458144
####
437.865431359 784.487022035
436.874071994 794.437761033
435.882712628 804.388500031
434.891353262 814.339239029
433.899993896 824.289978027 ---
432.908634531 834.240717025
431.917275165 844.191456024
430.925915799 854.142195022
429.934556434 864.09293402
428.943197068 874.043673018
427.951837702 883.994412016
####
445.155830199 785.218522334
444.324369292 795.183896023
443.492908385 805.149269712
442.661447479 815.114643401
441.829986572 825.08001709 ---
440.998525666 835.045390779
440.167064759 845.010764468
439.335603853 854.976138157
438.504142946 864.941511846
437.672682039 874.906885535
436.841221133 884.872259224
####
452.601966265 785.844091407
451.916471036 795.820568555
451.230975808 805.797045703
450.54548058 815.773522852
449.859985352 825.75 ---
449.174490123 835.726477148
448.488994895 845.702954297
447.803499667 855.679431445
447.118004438 865.655908593
446.43250921 875.632385742
445.747013982 885.60886289
####
460.137760825 786.366629205
459.60582306 796.352471293
459.073885295 806.338313382
458.54194753 816.32415547
458.010009766 826.309997559 ---
457.478072001 836.295839647
456.946134236 846.281681735
456.414196471 856.267523824
455.882258706 866.253365912
455.350320942 876.239208001
454.818383177 886.225050089
####
467.847786271 786.781130166
467.453336956 796.773347624
467.058887642 806.765565083
466.664438328 816.757782541
466.269989014 826.75 ---
465.875539699 836.742217459
465.481090385 846.734434917
465.086641071 856.726652376
464.692191757 866.718869834
464.297742442 876.711087293
463.903293128 886.703304751
####
475.669705145 787.093531581
475.409780079 797.090152958
475.149855014 807.086774335
474.889929948 817.083395713
474.630004883 827.08001709 ---
474.370079817 837.076638467
474.110154752 847.073259844
473.850229686 857.069881222
473.590304621 867.066502599
473.330379555 877.063123976
####
483.603904306 787.303289197
483.475427314 797.302463846
483.346950322 807.301638495
483.21847333 817.300813144
483.089996338 827.299987793 ---
482.961519346 837.299162442
482.833042354 847.298337091
482.704565361 857.29751174
482.576088369 867.296686389
482.447611377 877.295861038
####
491.615449775 797.409993033
491.626964482 807.409986403
491.638479189 817.409979774
491.649993896 827.409973145 ---
491.661508604 837.409966515
491.673023311 847.409959886
491.684538018 857.409953256
491.696052725 867.409946627
491.707567432 877.409939997
####
499.911438789 797.402413093
500.037628707 807.401616867
500.163818626 817.400820641
500.290008545 827.400024414 ---
500.416198464 837.399228188
500.542388382 847.398431961
500.668578301 857.397635735
500.79476822 867.396839508
500.920958139 877.396043282
####
508.294436495 797.298513327
508.532960919 807.295668227
508.771485342 817.292823127
509.010009766 827.289978027 ---
509.248534189 837.287132928
509.487058613 847.284287828
509.725583036 857.281442728
509.96410746 867.278597628
510.202631883 877.275752529
####
516.727155592 797.099565905
517.088102914 807.093049633
517.449050236 817.086533361
517.809997559 827.08001709 ---
518.170944881 837.073500818
518.531892203 847.066984547
518.892839525 857.060468275
519.253786847 867.053952004
519.61473417 877.047435732
####
525.225503653 796.794805283
525.706996738 806.783206777
526.188489824 816.771608271
526.66998291 826.760009766 ---
527.151475996 836.74841126
527.632969082 846.736812754
528.114462168 856.725214248
528.595955254 866.713615742
529.077448339 876.702017236
####
533.855669648 796.380192298
534.433788717 806.363467228
535.011907786 816.346742159
535.590026855 826.33001709 ---
536.168145925 836.313292021
536.746264994 846.296566951
537.324384063 856.279841882
537.902503132 866.263116813
538.480622201 876.246391743
####
542.512797753 795.880615861
543.198534277 805.857076427
543.8842708 815.833536993
544.570007324 825.809997559 ---
545.255743848 835.786458124
545.941480372 845.76291869
546.627216895 855.739379256
547.312953419 865.715839822
547.998689943 875.692300387
####
551.24357015 795.281907535
552.025722385 805.251272504
552.80787462 815.220637473
553.590026855 825.190002441 ---
554.372179091 835.15936741
555.154331326 845.128732379
555.936483561 855.098097348
556.718635796 865.067462317
557.500788032 875.036827285
558.282940267 885.006192254
####
559.944654701 794.601308565
560.843108017 804.560865866
561.741561332 814.520423167
562.640014648 824.479980469 ---
563.538467964 834.43953777
564.43692128 844.399095071
565.335374596 854.358652373
566.233827912 864.318209674
567.132281228 874.277766976
568.030734544 884.237324277
####
568.780696282 793.805296412
569.763791011 803.756855323
570.74688574 813.708414234
571.729980469 823.659973145 ---
572.713075198 833.611532055
573.696169927 843.563090966
574.679264655 853.514649877
575.662359384 863.466208788
576.645454113 873.417767698
577.628548842 883.369326609
####
577.570149454 792.938743834
578.660108588 802.879165811
579.750067722 812.819587788
580.840026855 822.760009766 ---
581.929985989 832.700431743
583.019945123 842.64085372
584.109904257 852.581275698
585.19986339 862.521697675
586.289822524 872.462119652
587.379781658 882.402541629
####
586.40359325 791.971558736
587.589069491 801.901042413
588.774545732 811.830526089
589.960021973 821.760009766 ---
591.145498214 831.689493442
592.330974455 841.618977119
593.516450696 851.548460795
594.701926936 861.477944472
595.887403177 871.407428148
597.072879418 881.336911825
####
595.212605996 790.921611401
596.505079616 800.837735237
597.797553236 810.753859074
599.090026855 820.66998291 ---
600.382500475 830.586106747
601.674974095 840.502230583
602.967447715 850.41835442
604.259921335 860.334478256
605.552394955 870.250602093
606.844868575 880.166725929
####
604.045945738 789.771774269
605.437287393 799.674509669
606.828629048 809.577245069
608.219970703 819.479980469 ---
609.611312358 829.382715869
611.002654013 839.285451268
612.393995668 849.188186668
613.785337323 859.090922068
615.176678978 868.993657468
616.568020633 878.896392868
####
612.863866836 788.534316498
614.352583588 798.422881734
615.841300339 808.311446971
617.33001709 818.200012207 ---
618.818733841 828.088577443
620.307450592 837.97714268
621.796167343 847.865707916
623.284884094 857.754273153
624.773600846 867.642838389
626.262317597 877.531403626
####
621.63034021 787.216450331
623.230224365 797.08763925
624.83010852 806.95882817
626.429992676 816.83001709 ---
628.029876831 826.70120601
629.629760986 836.572394929
631.229645142 846.443583849
632.829529297 856.314772769
634.429413452 866.185961689
636.029297608 876.057150608
####
630.392949979 785.797880554
632.095299986 795.651915486
633.797649993 805.505950419
635.5 815.359985352 ---
637.202350007 825.214020284
638.904700014 835.068055217
640.607050021 844.922090149
642.309400028 854.776125082
644.011750035 864.630160015
645.714100042 874.484194947
####
639.076836506 784.299772736
640.894567436 794.133177755
642.712298367 803.966582774
644.530029297 813.799987793 ---
646.347760227 823.633392812
648.165491157 833.466797831
649.983222087 843.30020285
651.800953018 853.133607869
653.618683948 862.967012887
655.436414878 872.800417906
####
647.740683869 782.699992931
649.663792501 792.513333504
651.586901133 802.326674076
653.510009766 812.140014648 ---
655.433118398 821.953355221
657.35622703 831.766695793
659.279335663 841.580036365
661.202444295 851.393376938
663.125552927 861.20671751
665.04866156 871.020058082
####
656.314644685 781.022004972
658.356430604 790.811341531
660.398216523 800.60067809
662.440002441 810.390014648 ---
664.48178836 820.179351207
666.523574279 829.968687766
668.565360198 839.758024325
670.607146117 849.547360884
672.648932035 859.336697443
674.690717954 869.126034001
####
664.844413158 779.244991795
666.999607958 789.009987206
669.154802759 798.774982617
671.309997559 808.539978027 ---
673.465192359 818.304973438
675.620387159 828.069968849
677.775581959 837.83496426
679.930776759 847.599959671
682.085971559 857.364955082
684.241166359 867.129950492
####
673.258792581 777.390418672
675.539186916 787.126937643
677.819581251 796.863456615
680.099975586 806.599975586 ---
682.380369921 816.336494557
684.660764256 826.073013528
686.941158591 835.8095325
689.221552926 845.546051471
691.501947261 855.282570442
693.782341596 865.019089413
696.062735931 874.755608384
####
684.017533864 785.142678183
686.413765712 794.851337871
688.809997559 804.559997559 ---
691.206229406 814.268657246
693.602461253 823.977316934
695.9986931 833.685976622
698.394924947 843.39463631
700.791156794 853.103295998
703.187388641 862.811955686
705.583620488 872.520615374
####
692.381431306 783.080293503
694.910716874 792.755143089
697.440002441 802.429992676 ---
699.969288009 812.104842262
702.498573576 821.779691848
705.027859144 831.454541435
707.557144711 841.129391021
710.086430279 850.804240607
712.615715846 860.479090194
715.145001414 870.15393978
####
700.657271567 780.918538511
703.313621135 790.559275359
705.969970703 800.200012207 ---
708.626320271 809.840749055
711.282669839 819.481485903
713.939019408 829.122222751
716.595368976 838.762959599
719.251718544 848.403696447
721.908068112 858.044433295
724.56441768 867.685170143
####
708.825421102 778.669713405
711.607717875 788.274859144
714.390014648 797.880004883 ---
717.172311422 807.485150622
719.954608195 817.090296361
722.736904968 826.6954421
725.519201741 836.300587838
728.301498515 845.905733577
731.083795288 855.510879316
733.866092061 865.116025055
####
716.877474977 776.339330475
719.793748475 785.904650589
722.710021973 795.469970703 ---
725.62629547 805.035290817
728.542568968 814.600610931
731.458842466 824.165931046
734.375115964 833.73125116
737.291389461 843.296571274
740.207662959 852.861891388
743.123936457 862.427211502
746.040209955 871.992531616
####
724.783751952 773.931341186
727.846862548 783.450655944
730.909973145 792.969970703 ---
733.973083741 802.489285462
737.036194337 812.00860022
740.099304934 821.527914979
743.16241553 831.047229738
746.225526127 840.566544496
749.288636723 850.085859255
752.35174732 859.605174014
755.414857916 869.124488772
####
732.579715056 771.425117917
735.784852645 780.897556517
738.989990234 790.369995117 ---
742.195127824 799.842433717
745.400265413 809.314872317
748.605403002 818.787310918
751.810540592 828.259749518
755.015678181 837.732188118
758.22081577 847.204626718
761.42595336 856.677065318
764.631090949 866.149503918
####
740.269717561 768.825091467
743.604860001 778.252542071
746.940002441 787.679992676 ---
750.275144882 797.10744328
753.610287322 806.534893885
756.945429762 815.96234449
760.280572203 825.389795094
763.615714643 834.817245699
766.950857083 844.244696304
770.285999524 853.672146908
773.621141964 863.099597513
####
747.784877272 766.169434528
751.277448402 775.539703836
754.770019531 784.909973145 ---
758.262590661 794.280242453
761.75516179 803.650511761
765.24773292 813.020781069
768.740304049 822.391050377
772.232875178 831.761319685
775.725446308 841.131588993
779.218017437 850.501858301
782.710588567 859.872127609
####
755.186712258 763.413272832
758.828341481 772.72662543
762.469970703 782.039978027 ---
766.111599926 791.353330625
769.753229148 800.666683222
773.39485837 809.98003582
777.036487593 819.293388418
780.678116815 828.606741015
784.319746038 837.920093613
787.96137526 847.23344621
791.603004483 856.546798808
####
762.466261293 760.569511564
766.25311966 769.824764327
770.039978027 779.08001709 ---
773.826836395 788.335269853
777.613694762 797.590522616
781.400553129 806.845775379
785.187411496 816.101028142
788.974269864 825.356280905
792.761128231 834.611533668
796.547986598 843.866786431
800.334844965 853.122039194
####
769.558281079 757.671386157
773.514125891 766.855682092
777.469970703 776.039978027 ---
781.425815515 785.224273962
785.381660328 794.408569897
789.33750514 803.592865832
793.293349952 812.777161767
797.249194764 821.961457702
801.205039577 831.145753637
805.160884389 840.330049572
809.116729201 849.514345507
####
776.556860657 754.65972988
780.658435211 763.779877147
784.760009766 772.900024414 ---
788.86158432 782.020171681
792.963158874 791.140318949
797.064733428 800.260466216
801.166307982 809.380613483
805.267882537 818.50076075
809.369457091 827.620908018
813.471031645 836.741055285
817.572606199 845.861202552
####
783.400357881 751.585352879
787.660170396 760.632672777
791.91998291 769.679992676 ---
796.179795425 778.727312574
800.439607939 787.774632472
804.699420453 796.821952371
808.959232968 805.869272269
813.219045482 814.916592167
817.478857996 823.963912066
821.738670511 833.011231964
825.998483025 842.058551862
####
790.109804037 748.429796693
794.529908122 757.399895905
798.950012207 766.369995117 ---
803.370116292 775.340094329
807.790220377 784.310193542
812.210324462 793.280292754
816.630428547 802.250391966
821.050532632 811.220491178
825.470636718 820.19059039
829.890740803 829.160689603
834.310844888 838.130788815
####
796.675139045 745.19857868
801.262557316 754.084274691
805.849975586 762.969970703 ---
810.437393856 771.855666715
815.024812127 780.741362727
819.612230397 789.627058738
824.199648667 798.51275475
828.787066938 807.398450762
833.374485208 816.284146774
837.961903478 825.169842785
842.549321749 834.055538797
####
803.107513809 741.881598879
807.85874958 750.680789674
812.609985352 759.479980469 ---
817.361221123 768.279171264
822.112456894 777.078362059
826.863692665 785.877552854
831.614928437 794.676743649
836.366164208 803.475934444
841.117399979 812.275125238
845.86863575 821.074316033
850.619871522 829.873506828
####
809.438521634 738.466401346
814.339255934 747.18321288
819.239990234 755.900024414 ---
824.140724534 764.616835948
829.041458835 773.333647482
833.942193135 782.050459016
838.842927435 790.76727055
843.743661735 799.484082084
848.644396035 808.200893618
853.545130335 816.917705152
858.445864635 825.634516686
####
820.672712064 743.624820636
825.75 752.239990234 ---
830.827287936 760.855159833
835.904575872 769.470329432
840.981863808 778.08549903
846.059151744 786.700668629
851.13643968 795.315838228
856.213727616 803.931007827
861.291015553 812.546177425
866.368303489 821.161347024
####
826.90123139 739.955901178
832.130004883 748.479980469 ---
837.358778376 757.00405976
842.587551868 765.528139051
847.816325361 774.052218342
853.045098854 782.576297633
858.273872347 791.100376924
863.50264584 799.624456215
868.731419333 808.148535506
####
833.008796312 736.211343982
838.390014648 744.640014648 ---
843.771232985 753.068685315
849.152451322 761.497355982
854.533669659 769.926026649
859.914887996 778.354697316
865.296106333 786.783367983
870.67732467 795.21203865
876.058543006 803.640709317
####
838.98304677 732.399454803
844.530029297 740.719970703 ---
850.077011824 749.040486603
855.623994351 757.361002504
861.170976877 765.681518404
866.717959404 774.002034304
872.264941931 782.322550205
877.811924458 790.643066105
883.358906985 798.963582005
####
844.866408165 728.479121756
850.559997559 736.700012207 ---
856.253586952 744.920902658
861.947176346 753.14179311
867.64076574 761.362683561
873.334355134 769.583574013
879.027944528 777.804464464
884.721533922 786.025354916
890.415123315 794.246245367
####
850.63067918 724.489138735
856.479980469 732.599975586 ---
862.329281758 740.710812437
868.178583047 748.821649289
874.027884336 756.93248614
879.877185625 765.043322991
885.726486914 773.154159843
891.575788203 781.264996694
897.425089492 789.375833546
####
856.301256227 720.401526903
862.289978027 728.409973145 ---
868.278699828 736.418419386
874.267421628 744.426865627
880.256143428 752.435311868
886.244865229 760.443758109
892.233587029 768.45220435
898.222308829 776.460650592
904.21103063 784.469096833
####
861.856688902 716.249531219
868.0 724.140014648 ---
874.143311098 732.030498078
880.286622197 739.920981507
886.429933295 747.811464936
892.573244394 755.701948365
898.716555492 763.592431795
904.859866591 771.482915224
911.003177689 779.373398653
####
867.323832554 711.994785008
873.599975586 719.780029297 ---
879.876118618 727.565273586
886.152261651 735.350517874
892.428404683 743.135762163
898.704547716 750.921006452
904.980690748 758.706250741
911.256833781 766.49149503
917.532976813 774.276739319
####
872.691719058 707.669908285
879.119995117 715.33001709 ---
885.548271177 722.990125895
891.976547236 730.6502347
898.404823295 738.310343505
904.833099355 745.97045231
911.261375414 753.630561115
917.689651473 761.29066992
924.117927533 768.950778725
####
877.980157307 703.233578295
884.530029297 710.789978027 ---
891.079901286 718.34637776
897.629773276 725.902777493
904.179645266 733.459177225
910.729517255 741.015576958
917.279389245 748.571976691
923.829261235 756.128376423
930.379133224 763.684776156
####
876.488564266 691.297017565
883.174274809 698.733500238
889.859985352 706.16998291 ---
896.545695894 713.606465583
903.231406437 721.042948255
909.91711698 728.479430928
916.602827522 735.915913601
923.288538065 743.352396273
929.974248608 750.788878946
936.65995915 758.225361618
####
881.472766489 686.82037579
888.29137592 694.135193999
895.109985352 701.450012207 ---
901.928594783 708.764830415
908.747204214 716.079648624
915.565813646 723.394466832
922.384423077 730.709285041
929.203032509 738.024103249
936.02164194 745.338921457
942.840251371 752.653739666
####
886.385112606 682.245246165
893.327566069 689.442630407
900.270019531 696.640014648 ---
907.212472994 703.83739889
914.154926456 711.034783132
921.097379919 718.232167373
928.039833381 725.429551615
934.982286844 732.626935856
941.924740306 739.824320098
948.867193769 747.02170434
####
891.222017184 677.583691587
898.285996385 684.66184091
905.349975586 691.739990234 ---
912.413954787 698.818139558
919.477933987 705.896288882
926.541913188 712.974438206
933.605892389 720.05258753
940.66987159 727.130736854
947.73385079 734.208886178
954.797829991 741.287035502
####
895.983887921 672.835420408
903.166931754 679.792710204
910.349975586 686.75 ---
917.533019418 693.707289796
924.716063251 700.664579592
931.899107083 707.621869387
939.082150915 714.579159183
946.265194748 721.536448979
953.44823858 728.493738775
960.631282413 735.45102857
967.814326245 742.408318366
####
900.667315795 668.004622395
907.973672546 674.83229777
915.280029297 681.659973145 ---
922.586386048 688.487648519
929.892742799 695.315323894
937.19909955 702.142999269
944.505456301 708.970674644
951.811813052 715.798350019
959.118169804 722.626025394
966.424526555 729.453700769
973.730883306 736.281376144
####
905.290636426 663.06127413
912.710320654 669.765622416
920.130004883 676.469970703 ---
927.549689111 683.17431899
934.96937334 689.878667277
942.389057568 696.583015563
949.808741797 703.28736385
957.228426025 709.991712137
964.648110254 716.696060423
972.067794482 723.40040871
979.487478711 730.104756997
####
909.848049311 658.021784195
917.379011228 664.600888435
924.909973145 671.179992676 ---
932.440935061 677.759096916
939.971896978 684.338201157
947.502858895 690.917305398
955.033820811 697.496409638
962.564782728 704.075513879
970.095744645 710.65461812
977.626706561 717.23372236
985.157668478 723.812826601
####
914.334905932 652.889838733
921.972445642 659.344913263
929.609985352 665.799987793 ---
937.247525061 672.255062323
944.885064771 678.710136852
952.52260448 685.165211382
960.16014419 691.620285912
967.797683899 698.075360442
975.435223609 704.530434971
983.072763319 710.985509501
990.710303028 717.440584031
####
918.752309171 647.667941595
926.501154586 653.988969577
934.25 660.309997559 ---
941.998845414 666.63102554
949.747690829 672.952053522
957.496536243 679.273081503
965.245381657 685.594109485
972.994227072 691.915137467
980.743072486 698.236165448
988.491917901 704.55719343
996.240763315 710.878221412
####
930.95978196 648.525286284
938.809997559 654.719970703 ---
946.660213157 660.914655122
954.510428756 667.109339542
962.360644355 673.304023961
970.210859953 679.49870838
978.061075552 685.693392799
985.911291151 691.888077219
993.761506749 698.082761638
1001.61172235 704.277446057
####
935.357942456 642.953524062
943.299987793 649.030029297 ---
951.24203313 655.106534532
959.184078467 661.183039766
967.126123803 667.259545001
975.06816914 673.336050236
983.010214477 679.412555471
990.952259814 685.489060705
998.894305151 691.56556594
1006.83635049 697.642071175
####
939.681178336 637.305617123
947.729980469 643.239990234 ---
955.778782602 649.174363346
963.827584735 655.108736457
971.876386867 661.043109569
979.925189 666.97748268
987.973991133 672.911855791
996.022793266 678.846228903
1004.0715954 684.780602014
####
943.937124779 631.535433432
952.08001709 637.340026855 ---
960.222909401 643.144620279
968.365801712 648.949213703
976.508694023 654.753807126
984.651586334 660.55840055
992.794478644 666.362993973
1000.93737096 672.167587397
1009.08026327 677.97218082
####
948.124194362 625.663454394
956.349975586 631.349975586 ---
964.575756809 637.036496778
972.801538033 642.723017969
981.027319257 648.409539161
989.25310048 654.096060352
997.478881704 659.782581544
1005.70466293 665.469102736
1013.93044415 671.155623927
####
952.245715232 619.703688196
960.559997559 625.260009766 ---
968.874279885 630.816331336
977.188562212 636.372652906
985.502844539 641.928974476
993.817126866 647.485296046
1002.13140919 653.041617616
1010.44569152 658.597939186
1018.75997385 664.154260756
####
947.906476731 608.202826978
956.298239586 613.641422034
964.690002441 619.08001709 ---
973.081765297 624.518612146
981.473528152 629.957207201
989.865291007 635.395802257
998.257053863 640.834397313
1006.64881672 646.272992369
1015.04057957 651.711587424
1023.43234243 657.15018248
####
951.810507863 602.183284668
960.285258814 607.49163623
968.760009766 612.799987793 ---
977.234760717 618.108339356
985.709511668 623.416690918
994.18426262 628.725042481
1002.65901357 634.033394044
1011.13376452 639.341745606
1019.60851547 644.650097169
####
955.647071674 596.06226184
964.198535837 601.246127258
972.75 606.429992676 ---
981.301464163 611.613858093
989.852928326 616.797723511
998.404392489 621.981588929
1006.95585665 627.165454347
1015.50732082 632.349319764
1024.05878498 637.533185182
####
959.43153502 589.822179536
968.045754082 594.901080002
976.659973145 599.979980469 ---
985.274192207 605.058880935
993.888411269 610.137781402
1002.50263033 615.216681869
1011.11684939 620.295582335
1019.73106846 625.374482802
1028.34528752 630.453383268
####
963.148354104 583.521622978
971.829181935 588.485817592
980.510009766 593.450012207 ---
989.190837596 598.414206822
997.871665427 603.378401436
1006.55249326 608.342596051
1015.23332109 613.306790666
1023.91414892 618.270985281
1032.59497675 623.235179895
####
966.79946111 577.14044862
975.544719568 581.990237738
984.289978027 586.840026855 ---
993.035236486 591.689815973
1001.78049495 596.539605091
1010.5257534 601.389394209
1019.27101186 606.239183327
1028.01627032 611.088972445
####
961.594688796 565.91065855
970.396459197 570.657113838
979.198229599 575.403569126
988.0 580.150024414 ---
996.801770401 584.896479702
1005.6035408 589.64293499
1014.4053112 594.389390278
1023.20708161 599.135845566
1032.00885201 603.882300854
####
965.085635874 559.440620133
973.937095465 564.093754893
982.788555057 568.746889654
991.640014648 573.400024414 ---
1000.49147424 578.053159174
1009.34293383 582.706293935
1018.19439342 587.359428695
1027.04585301 592.012563455
1035.89731261 596.665698216
####
968.496805157 552.956523154
977.404527006 557.501024388
986.312248854 562.045525622
995.219970703 566.590026855 ---
1004.12769255 571.134528089
1013.0354144 575.679029323
1021.94313625 580.223530557
1030.8508581 584.768031791
1039.75857995 589.312533025
####
971.873977576 546.340088966
980.82597854 550.796733301
989.777979504 555.253377637
998.729980469 559.710021973 ---
1007.68198143 564.166666308
1016.6339824 568.623310644
1025.58598336 573.07995498
1034.53798433 577.536599315
1043.48998529 581.993243651
####
975.186932261 539.689013697
984.184619066 544.052685564
993.182305871 548.41635743
1002.17999268 552.780029297 ---
1011.17767948 557.143701163
1020.17536629 561.50737303
1029.17305309 565.871044897
1038.1707399 570.234716763
1047.1684267 574.59838863
####
978.450857791 532.962206256
987.490574302 537.23813018
996.530290813 541.514054104
1005.57000732 545.789978027 ---
1014.60972384 550.065901951
1023.64944035 554.341825875
1032.68915686 558.617749798
1041.72887337 562.893673722
####
981.664549214 526.171093425
990.743040947 530.364062283
999.821532681 534.557031142
1008.90002441 538.75 ---
1017.97851615 542.942968858
1027.05700788 547.135937717
1036.13549961 551.328906575
1045.21399135 555.521875434
####
984.814520216 519.354193824
993.933007781 523.459456853
1003.05149535 527.564719881
1012.16998291 531.66998291 ---
1021.28847047 535.775245939
1030.40695804 539.880508968
1039.5254456 543.985771996
1048.64393317 548.091035025
####
978.768863055 508.427116888
987.921648512 512.455332173
997.074433969 516.483547458
1006.22721943 520.511762743
1015.38000488 524.539978027 ---
1024.53279034 528.568193312
1033.6855758 532.596408597
1042.83836125 536.624623882
1051.99114671 540.652839167
####
981.784808442 501.578429385
990.973600838 505.523818376
1000.16239323 509.469207368
1009.35118563 513.41459636
1018.53997803 517.359985352 ---
1027.72877042 521.305374343
1036.91756282 525.250763335
1046.10635522 529.196152327
1055.29514761 533.141541318
####
984.762041113 494.647594956
993.981534497 498.520699879
1003.20102788 502.393804802
1012.42052126 506.266909725
1021.64001465 510.140014648 ---
1030.85950803 514.013119572
1040.07900142 517.886224495
1049.2984948 521.759329418
1058.51798818 525.632434341
####
987.656928912 487.761936699
996.915182036 491.541453745
1006.17343516 495.320970791
1015.43168828 499.100487837
1024.68994141 502.880004883 ---
1033.94819453 506.659521929
1043.20644765 510.439038975
1052.46470078 514.218556021
1061.7229539 517.998073067
####
990.513467855 480.76820568
999.802611877 484.471150903
1009.0917559 488.174096126
1018.38089992 491.877041349
1027.67004395 495.579986572 ---
1036.95918797 499.282931795
1046.24833199 502.985877019
1055.53747601 506.688822242
1064.82662004 510.391767465
####
993.302714501 473.776142453
1002.62702977 477.389609586
1011.95134504 481.003076719
1021.27566031 484.616543853
1030.59997559 488.230010986 ---
1039.92429086 491.84347812
1049.24860613 495.456945253
1058.5729214 499.070412387
1067.89723667 502.68387952
####
996.006856969 466.804900083
1005.37013296 470.316176588
1014.73340895 473.827453093
1024.09668495 477.338729598
1033.45996094 480.850006104 ---
1042.82323693 484.361282609
1052.18651292 487.872559114
1061.54978891 491.383835619
1070.91306491 494.895112124
####
998.674384937 459.696027117
1008.0682887 463.124521253
1017.46219247 466.55301539
1026.85609623 469.981509526
1036.25 473.410003662 ---
1045.64390377 476.838497798
1055.03780753 480.266991935
1064.4317113 483.695486071
1073.82561506 487.123980207
####
1001.23270888 452.695813912
1010.66952678 456.004358603
1020.10634467 459.312903294
1029.54316257 462.621447985
1038.97998047 465.929992676 ---
1048.41679837 469.238537367
1057.85361626 472.547082058
1067.29043416 475.855626748
####
1003.74320887 445.541181206
1013.21240543 448.755884378
1022.681602 451.970587551
1032.15079856 455.185290724
1041.61999512 458.399993896 ---
1051.08919168 461.614697069
1060.55838824 464.829400242
1070.0275848 468.044103415
####
1006.13445712 438.510079291
1015.64832819 441.590056112
1025.16219926 444.670032932
1034.67607033 447.750009752
1044.18994141 450.829986572 ---
1053.70381248 453.909963393
1063.21768355 456.989940213
1072.73155462 460.069917033
####
1008.4385544 431.405162351
1017.99392434 434.353874815
1027.54929429 437.302587279
1037.10466423 440.251299743
1046.66003418 443.200012207 ---
1056.21540413 446.148724671
1065.77077407 449.097437135
1075.32614402 452.046149599
####
1010.65070292 424.249349867
1020.24553451 427.067009654
1029.84036611 429.88466944
1039.4351977 432.702329227
1049.0300293 435.519989014 ---
1058.62486089 438.3376488
1068.21969249 441.155308587
1077.81452408 443.972968374
####
1012.73233114 417.181938393
1022.37426056 419.833955931
1032.01618998 422.485973469
1041.65811941 425.137991007
1051.30004883 427.790008545 ---
1060.94197825 430.442026083
1070.58390767 433.094043621
1080.22583709 435.746061159
####
1014.70809452 410.017810987
1024.39105624 412.515860682
1034.07401796 415.013910376
1043.75697968 417.511960071
1053.43994141 420.010009766 ---
1063.12290313 422.50805946
1072.80586485 425.006109155
1082.48882657 427.504158849
####
1016.54082728 402.944136735
1026.27061069 405.25310072
1036.00039411 407.562064705
1045.73017752 409.87102869
1055.45996094 412.179992676 ---
1065.18974435 414.488956661
1074.91952777 416.797920646
1084.64931118 419.106884632
####
1018.23678481 395.830987709
1028.01007762 397.94823773
1037.78337043 400.065487751
1047.55666324 402.182737772
1057.32995605 404.299987793 ---
1067.10324886 406.417237814
1076.87654167 408.534487835
1086.64983448 410.651737856
####
1019.79489444 388.676701267
1029.60868304 390.597522288
1039.42247164 392.518343309
1049.23626023 394.43916433
1059.05004883 396.359985352 ---
1068.86383742 398.280806373
1078.67762602 400.201627394
1088.49141462 402.122448415
####
1021.18111856 381.654700006
1031.03833526 383.338528666
1040.89555195 385.022357327
1050.75276865 386.706185988
1060.60998535 388.390014648 ---
1070.46720205 390.073843309
1080.32441875 391.75767197
1090.18163545 393.441500631
####
1022.40295259 374.5683691
1032.29720956 376.018775605
1042.19146653 377.469182109
1052.0857235 378.919588613
1061.97998047 380.369995117 ---
1071.87423744 381.820401621
1081.76849441 383.270808126
1091.66275138 384.72121463
####
1023.45031646 367.509776743
1033.37774589 368.712334388
1043.30517532 369.914892033
1053.23260475 371.117449679
1063.16003418 372.320007324 ---
1073.08746361 373.52256497
1083.01489304 374.725122615
####
1024.31038743 360.542085319
1034.26779424 361.464066736
1044.22520104 362.386048153
1054.18260784 363.30802957
1064.14001465 364.230010986 ---
1074.09742145 365.151992403
1084.05482826 366.07397382
####
1024.97158974 353.576702528
1034.95119597 354.215028117
1044.93080219 354.853353706
1054.91040842 355.491679294
1064.89001465 356.130004883 ---
1074.86962088 356.768330471
1084.8492271 357.40665606
####
1025.43207763 346.672223542
1035.42656677 347.004167656
1045.42105591 347.336111771
1055.41554504 347.668055885
1065.41003418 348.0 ---
1075.40452332 348.331944115
1085.39901245 348.663888229
1095.39350159 348.995832344
####
1025.6801738 339.771978304
1035.68014378 339.796482507
1045.68011376 339.82098671
1055.68008373 339.845490914
1065.68005371 339.869995117 ---
1075.68002369 339.894499321
1085.67999367 339.919003524
1095.67996364 339.943507727
####
1025.72049278 333.031759356
1035.71535738 332.711319517
1045.71022198 332.390879678
1055.70508658 332.070439839
1065.69995117 331.75 ---
1075.69481577 331.429560161
1085.68968037 331.109120322
1095.68454496 330.788680483
####
1035.50652964 325.637728369
1045.48433356 324.971823795
1055.46213748 324.305919222
1065.43994141 323.640014648 ---
1075.41774533 322.974110075
1085.39554925 322.308205502
1095.37335317 321.642300928
####
1035.06201706 318.663397027
1045.00801951 317.625593949
1054.95402196 316.587790871
1064.90002441 315.549987793 ---
1074.84602687 314.512184715
1084.79202932 313.474381637
1094.73803177 312.436578559
####
1034.35565789 311.701021135
1044.25712479 310.300680757
1054.15859169 308.900340378
1064.06005859 307.5 ---
1073.9615255 306.099659622
1083.8629924 304.699319243
1093.7644593 303.298978865
####
1033.4128048 304.870235208
1043.25188777 303.083493394
1053.09097074 301.29675158
1062.93005371 299.510009766 ---
1072.76913668 297.723267951
1082.60821965 295.936526137
1092.44730262 294.149784323
####
1032.21851112 298.151174475
1041.97567082 295.960778508
1051.73283053 293.77038254
1061.48999023 291.579986572 ---
1071.24714994 289.389590605
1081.00430964 287.199194637
1090.76146935 285.008798669
####
1030.75533899 291.516245844
1040.41355282 288.924160641
1050.07176664 286.332075437
1059.72998047 283.739990234 ---
1069.38819429 281.147905031
1079.04640812 278.555819828
1088.70462195 275.963734625
1098.36283577 273.371649422
####
1029.03238391 284.991692976
1038.57159741 281.991125395
1048.11081091 278.990557815
1057.65002441 275.989990234 ---
1067.18923791 272.989422654
1076.72845141 269.988855073
1086.26766491 266.988287493
1095.80687841 263.987719912
####
1027.05946748 278.621265778
1036.45631165 275.200838969
1045.85315583 271.78041216
1055.25 268.359985352 ---
1064.64684417 264.939558543
1074.04368835 261.519131734
1083.44053252 258.098704925
1092.8373767 254.678278117
####
1034.04370994 268.516746026
1043.28186474 264.688365689
1052.52001953 260.859985352 ---
1061.75817432 257.031605014
1070.99632912 253.203224677
1080.23448391 249.37484434
1089.47263871 245.546464002
1098.7107935 241.718083665
####
1031.37017871 262.008673791
1040.4200747 257.754336895
1049.4699707 253.5 ---
1058.5198667 249.245663105
1067.5697627 244.991326209
1076.6196587 240.736989314
1085.6695547 236.482652419
1094.7194507 232.228315524
####
1028.41294319 255.665363443
1037.2514545 250.987680501
1046.08996582 246.309997559 ---
1054.92847714 241.632314616
1063.76698845 236.954631674
1072.60549977 232.276948732
1081.44401109 227.59926579
1090.2825224 222.921582847
1099.12103372 218.243899905
####
1033.77175768 244.38901869
1042.38000488 239.300003052 ---
1050.98825208 234.210987414
1059.59649928 229.121971776
1068.20474648 224.032956138
1076.81299368 218.9439405
1085.42124088 213.854924862
1094.02948808 208.765909224
####
1021.64915223 243.488542048
1030.00456879 237.994271024
1038.35998535 232.5 ---
1046.71540191 227.005728976
1055.07081847 221.511457952
1063.42623504 216.017186929
1071.7816516 210.522915905
1080.13706816 205.028644881
1088.49248472 199.534373857
1096.84790128 194.040102833
####
1009.8206749 243.631088597
1017.88712311 237.720723697
1025.95357132 231.810358797
1034.02001953 225.899993896 ---
1042.08646774 219.989628996
1050.15291595 214.079264096
1058.21936417 208.168899196
1066.28581238 202.258534295
1074.35226059 196.348169395
1082.4187088 190.437804495
1090.48515701 184.527439594
1098.55160522 178.617074694
####
1006.04965642 238.424605148
1013.81976606 232.129734527
1021.58987571 225.834863907
1029.35998535 219.539993286 ---
1037.13009499 213.245122665
1044.90020464 206.950252045
1052.67031428 200.655381424
1060.44042392 194.360510803
1068.21053357 188.065640183
1075.98064321 181.770769562
1083.75075285 175.475898941
1091.5208625 169.181028321
1099.29097214 162.8861577
####
994.688425928 240.199863855
1002.11882799 233.50739606
1009.54923005 226.814928265
1016.97963212 220.122460471
1024.41003418 213.429992676 ---
1031.84043624 206.737524881
1039.27083831 200.045057086
1046.70124037 193.352589291
1054.13164243 186.660121497
1061.56204449 179.967653702
1068.99244656 173.275185907
1076.42284862 166.582718112
1083.85325068 159.890250317
1091.28365275 153.197782523
1098.71405481 146.505314728
####
990.789600927 235.79790976
997.879706799 228.745931405
1004.96981267 221.693953049
1012.05991854 214.641974694
1019.15002441 207.589996338 ---
1026.24013029 200.538017982
1033.33023616 193.486039627
1040.42034203 186.434061271
1047.5104479 179.382082915
1054.60055377 172.33010456
1061.69065964 165.278126204
1068.78076552 158.226147849
1075.87087139 151.174169493
1082.96097726 144.122191137
1090.05108313 137.070212782
1097.141189 130.018234426
####
986.761455221 231.67057644
993.473587754 224.257933398
1000.18572029 216.845290356
1006.89785282 209.432647314
1013.60998535 202.020004272 ---
1020.32211788 194.607361231
1027.03425042 187.194718189
1033.74638295 179.782075147
1040.45851548 172.369432105
1047.17064801 164.956789063
1053.88278055 157.544146022
1060.59491308 150.13150298
1067.30704561 142.718859938
1074.01917814 135.306216896
####
976.214700929 235.518568147
982.529756349 227.764854518
988.844811768 220.011140888
995.159867188 212.257427259
1001.47492261 204.503713629
1007.78997803 196.75 ---
1014.10503345 188.996286371
1020.42008887 181.242572741
1026.73514429 173.488859112
1033.05019971 165.735145482
1039.36525513 157.981431853
1045.68031055 150.227718224
1051.99536597 142.474004594
1058.31042138 134.720290965
####
972.129178839 232.108299475
978.043345512 224.044638237
983.957512186 215.980976999
989.87167886 207.917315762
995.785845533 199.853654524
1001.70001221 191.789993286 ---
1007.61417888 183.726332048
1013.52834555 175.662670811
1019.44251223 167.599009573
1025.3566789 159.535348335
1031.27084558 151.471687098
1037.18501225 143.40802586
1043.09917892 135.344364622
####
967.947892756 228.955991301
973.430311275 220.592792919
978.912729794 212.229594537
984.395148313 203.866396154
989.877566833 195.503197772
995.359985352 187.13999939 ---
1000.84240387 178.776801007
1006.32482239 170.413602625
1011.80724091 162.050404243
1017.28965943 153.68720586
1022.77207795 145.324007478
1028.25449647 136.960809096
1033.73691498 128.597610713
####
963.521400173 225.976782233
968.571124044 217.345427251
973.620847916 208.714072269
978.670571788 200.082717288
983.72029566 191.451362306
988.770019531 182.820007324 ---
993.819743403 174.188652343
998.869467275 165.557297361
1003.91919115 156.925942379
1008.96891502 148.294587398
1014.01863889 139.663232416
1019.06836276 131.031877434
####
954.362053355 232.11137312
958.960046497 223.231144571
963.558039639 214.350916023
968.156032781 205.470687475
972.754025923 196.590458927
977.352019065 187.710230379
981.950012207 178.830001831 ---
986.548005349 169.949773283
991.145998491 161.069544735
995.743991633 152.189316187
1000.34198477 143.309087639
1004.93997792 134.428859091
####
950.034957818 229.78611518
954.182462 220.686763057
958.329966182 211.587410934
962.477470364 202.488058811
966.624974546 193.388706688
970.772478728 184.289354564
974.91998291 175.190002441 ---
979.067487092 166.090650318
983.214991274 156.991298195
987.362495456 147.891946072
991.509999638 138.792593949
995.65750382 129.693241826
####
945.44827189 227.619260922
949.153558688 218.331050666
952.858845485 209.042840411
956.564132283 199.754630156
960.269419081 190.4664199
963.974705878 181.178209645
967.679992676 171.88999939 ---
971.385279473 162.601789134
975.090566271 153.313578879
978.795853069 144.025368624
982.501139866 134.737158368
986.206426664 125.448948113
####
940.682241211 225.646048413
943.945202637 216.193372457
947.208164063 206.740696501
950.471125488 197.288020545
953.734086914 187.835344588
956.99704834 178.382668632
960.260009766 168.929992676 ---
963.522971191 159.47731672
966.785932617 150.024640763
970.048894043 140.571964807
973.311855469 131.119288851
####
935.804344727 223.890812495
938.615284425 214.294010005
941.426224122 204.697207516
944.237163819 195.100405027
947.048103516 185.503602537
949.859043213 175.906800048
952.66998291 166.309997559 ---
955.480922607 156.713195069
958.291862304 147.11639258
961.102802002 137.519590091
963.913741699 127.922787601
####
930.57679288 222.300382057
932.967324552 212.590317262
935.357856224 202.880252467
937.748387895 193.170187672
940.138919567 183.460122877
942.529451239 173.750058081
944.91998291 164.039993286 ---
947.310514582 154.329928491
949.701046253 144.619863696
952.091577925 134.909798901
954.482109597 125.199734105
####
925.145818246 220.909265265
927.128178209 211.107722071
929.110538173 201.306178878
931.092898136 191.504635684
933.0752581 181.703092491
935.057618064 171.901549297
937.039978027 162.100006104 ---
939.022337991 152.29846291
941.004697955 142.496919716
942.987057918 132.695376523
944.969417882 122.893833329
####
919.544950217 219.725529524
921.12579673 209.851273891
922.706643244 199.977018259
924.287489757 190.102762626
925.86833627 180.228506993
927.449182784 170.35425136
929.030029297 160.479995728 ---
930.61087581 150.605740095
932.191722324 140.731484462
933.772568837 130.857228829
935.35341535 120.982973196
####
913.655394052 218.739803641
914.864490568 208.81316848
916.073587083 198.886533319
917.282683598 188.959898158
918.491780114 179.033262997
919.700876629 169.106627837
920.909973145 159.179992676 ---
922.11906966 149.253357515
923.328166175 139.326722354
924.537262691 129.400087193
925.746359206 119.473452032
####
907.508582934 217.954979603
908.373821146 207.992481781
909.239059359 198.02998396
910.104297571 188.067486139
910.969535783 178.104988318
911.834773995 168.142490497
912.700012207 158.179992676 ---
913.565250419 148.217494855
914.430488631 138.254997033
915.295726843 128.292499212
916.160965056 118.330001391
####
901.181028948 217.37305971
901.719186314 207.387550878
902.25734368 197.402042045
902.795501046 187.416533212
903.333658412 177.431024379
903.871815778 167.445515547
904.409973145 157.460006714 ---
904.948130511 147.474497881
905.486287877 137.488989048
906.024445243 127.503480216
906.562602609 117.517971383
####
894.6335453 216.993035726
894.871287343 206.99586219
895.109029386 196.998688653
895.346771429 187.001515117
895.584513472 177.00434158
895.822255515 167.007168043
896.059997559 157.009994507 ---
896.297739602 147.01282097
896.535481645 137.015647434
896.773223688 127.018473897
897.010965731 117.02130036
####
887.863031848 216.809619456
887.827530609 206.809682473
887.79202937 196.80974549
887.756528131 186.809808507
887.721026892 176.809871524
887.685525653 166.809934541
887.650024414 156.809997559 ---
887.614523175 146.810060576
887.579021936 136.810123593
887.543520697 126.81018661
887.508019458 116.810249627
####
880.899480681 216.815923233
880.616235935 206.819935417
880.33299119 196.823947601
880.049746444 186.827959785
879.766501698 176.83197197
879.483256953 166.835984154
879.200012207 156.839996338 ---
878.916767461 146.844008522
878.633522716 136.848020706
878.35027797 126.85203289
878.067033224 116.856045075
####
873.691060889 217.006890644
873.197547486 207.019075841
872.704034082 197.031261039
872.210520679 187.043446237
871.717007275 177.055631435
871.223493872 167.067816633
870.729980469 157.080001831 ---
870.236467065 147.092187029
869.742953662 137.104372227
869.249440259 127.116557425
868.755926855 117.128742623
####
866.309830629 217.36112948
865.629855602 207.384274567
864.949880576 197.407419654
864.269905549 187.43056474
863.589930522 177.453709827
862.909955495 167.476854913
862.229980469 157.5 ---
861.550005442 147.523145087
860.870030415 137.546290173
860.190055389 127.56943526
859.510080362 117.592580346
####
858.702664045 217.87275028
857.872215155 207.907292205
857.041766265 197.94183413
856.211317374 187.976376055
855.380868484 178.010917981
854.550419593 168.045459906
853.719970703 158.080001831 ---
852.889521813 148.114543756
852.059072922 138.149085681
851.228624032 128.183627607
850.398175142 118.218169532
####
851.017542449 218.507296824
850.047954075 208.554412901
849.078365701 198.601528978
848.108777328 188.648645055
847.139188954 178.695761132
846.169600581 168.742877209
845.200012207 158.789993286 ---
844.230423833 148.837109363
843.26083546 138.88422544
842.291247086 128.931341517
841.321658713 118.978457594
####
842.054068157 209.330349297
840.97925306 199.388278461
839.904437964 189.446207625
838.829622868 179.504136789
837.754807772 169.562065953
836.679992676 159.619995117 ---
835.60517758 149.677924281
834.530362483 139.735853445
833.455547387 129.793782609
832.380732291 119.851711773
####
833.954442119 210.204266478
832.797550277 200.27141184
831.640658435 190.338557201
830.483766594 180.405702563
829.326874752 170.472847924
828.16998291 160.539993286 ---
827.013091068 150.607138648
825.856199227 140.674284009
824.699307385 130.741429371
823.542415543 120.808574733
822.385523701 110.875720094
####
825.684800294 211.166900091
824.481836817 201.239519829
823.27887334 191.312139566
822.075909864 181.384759304
820.872946387 171.457379042
819.66998291 161.529998779 ---
818.467019433 151.602618517
817.264055957 141.675238255
816.06109248 131.747857992
814.858129003 121.82047773
813.655165527 111.893097467
####
817.42937027 212.166651043
816.177492798 202.245320346
814.925615326 192.323989649
813.673737854 182.402658952
812.421860382 172.481328255
811.16998291 162.559997559 ---
809.918105438 152.638666862
808.666227966 142.717336165
807.414350494 132.796005468
806.162473022 122.874674771
804.91059555 112.953344075
####
808.963836368 213.234833356
807.709069583 203.313867661
806.454302797 193.392901967
805.199536012 183.471936272
803.944769227 173.550970577
802.690002441 163.630004883 ---
801.435235656 153.709039188
800.180468871 143.788073494
798.925702085 133.867107799
797.6709353 123.946142104
796.416168515 114.02517641
####
800.511261889 214.303882922
799.255005605 204.383105727
797.998749321 194.462328533
796.742493037 184.541551338
795.486236753 174.620774143
794.229980469 164.699996948 ---
792.973724185 154.779219753
791.7174679 144.858442559
790.461211616 134.937665364
789.204955332 125.016888169
####
790.671907655 205.469746414
789.448938066 195.544810879
788.225968476 185.619875343
787.002998886 175.694939808
785.780029297 165.770004272 ---
784.557059707 155.845068737
783.334090118 145.920133202
782.111120528 135.995197666
####
782.103996643 206.525291739
780.913004196 196.596468194
779.722011749 186.667644649
778.531019302 176.738821104
777.340026855 166.809997559 ---
776.149034409 156.881174013
774.958041962 146.952350468
####
773.508492432 207.555955537
772.361365052 197.621968484
771.214237671 187.687981431
770.067110291 177.753994377
768.91998291 167.820007324 ---
767.77285553 157.886020271
766.625728149 147.952033218
####
764.8383232 208.55621329
763.758747283 198.614658289
762.679171366 188.673103288
761.599595449 178.731548287
760.520019531 168.789993286 ---
759.440443614 158.848438285
####
756.181386536 209.495314679
755.171043564 199.546485246
754.160700592 189.597655813
753.15035762 179.648826381
752.140014648 169.699996948 ---
751.129671677 159.751167516
####
747.537577825 210.37217658
746.595688252 200.416633198
745.653798678 190.461089816
744.711909105 180.505546434
743.770019531 170.550003052 ---
742.828129958 160.59445967
####
738.813031255 211.195826814
737.964769169 201.231869195
737.116507083 191.267911576
736.268244996 181.303953957
735.41998291 171.339996338 ---
734.571720824 161.376038719
733.723458738 151.4120811
####
729.380907861 201.961637939
728.613944271 191.991092977
727.84698068 182.020548014
727.08001709 172.050003052 ---
726.313053499 162.079458089
725.546089909 152.108913127
####
720.815384109 202.619510227
720.130259328 192.643007632
719.445134547 182.666505037
718.760009766 172.690002441 ---
718.074884984 162.713499846
717.389760203 152.736997251
####
712.266140297 203.20557743
711.664100856 193.223716455
711.062061414 183.241855481
710.460021973 173.259994507 ---
709.857982531 163.278133533
709.25594309 153.296272558
####
703.691602086 203.721380908
703.184395694 193.734252108
702.677189302 183.747123307
702.16998291 173.759994507 ---
701.662776518 163.772865706
701.155570127 153.785736906
700.648363735 143.798608106
####
695.206291083 204.151540307
694.77086886 194.16102443
694.335446637 184.170508553
693.900024414 174.179992676 ---
693.464602191 164.189476799
693.029179968 154.198960922
692.593757745 144.208445045
####
686.695218911 204.521429942
686.343484157 194.527617724
685.991749403 184.533805505
685.640014648 174.539993286 ---
685.288279894 164.546181067
684.93654514 154.552368849
684.584810386 144.55855663
####
678.238073541 204.818294108
677.958723832 194.822196682
677.679374123 184.826099257
677.400024414 174.830001831 ---
677.120674705 164.833904406
676.841324996 154.83780698
676.561975287 144.841709555
####
669.789529632 205.053599574
669.583014058 195.055732236
669.376498484 185.057864897
669.16998291 175.059997559 ---
668.963467336 165.06213022
668.756951762 155.064262882
668.550436188 145.066395543
####
661.341916366 205.22730336
661.207945058 195.228200816
661.073973749 185.229098272
660.940002441 175.229995728 ---
660.806031133 165.230893183
660.672059825 155.231790639
660.538088517 145.232688095
####
652.985784777 205.338905721
652.900516674 195.33926926
652.815248571 185.339632799
652.729980469 175.339996338 ---
652.644712366 165.340359877
652.559444263 155.340723416
652.474176161 145.341086955
####
644.629770265 205.409802908
644.593186687 195.409869826
644.556603109 185.409936744
644.520019531 175.410003662 ---
644.483435953 165.41007058
644.446852375 155.410137498
644.410268797 145.410204417
####
636.246821288 205.439913171
636.271216634 195.439942928
636.295611979 185.439972685
636.320007324 175.440002441 ---
636.34440267 165.440032198
636.368798015 155.440061955
636.39319336 145.440091711
####
627.973501354 205.419640493
628.022332608 195.419759718
628.071163863 185.419878944
628.119995117 175.419998169 ---
628.168826372 165.420117394
628.217657626 155.42023662
628.266488881 145.420355845
####
619.637317415 205.378577202
619.734875835 195.379053096
619.832434255 185.379528989
619.929992676 175.380004883 ---
620.027551096 165.380480776
620.125109517 155.38095667
620.222667937 145.381432564
####
611.363685161 205.297766764
611.485783597 195.298512193
611.607882033 185.299257623
611.729980469 175.300003052 ---
611.852078905 165.300748481
611.97417734 155.30149391
612.096275776 145.302239339
####
603.101015885 205.196785314
603.247336599 195.197855858
603.393657313 185.198926403
603.539978027 175.199996948 ---
603.686298742 165.201067493
603.832619456 155.202138038
603.97894017 145.203208583
####
594.827283638 205.075619751
594.998198044 195.077080444
595.16911245 185.078541138
595.340026855 175.080001831 ---
595.510941261 165.081462524
595.681855667 155.082923218
595.852770073 145.084383911
####
586.60063264 204.934971498
586.783763231 194.936648479
586.966893823 184.93832546
587.150024414 174.940002441 ---
587.333155005 164.941679423
587.516285597 154.943356404
587.699416188 144.945033385
####
578.411356414 204.784975635
578.594244934 194.786648185
578.777133453 184.788320736
578.960021973 174.789993286 ---
579.142910492 164.791665837
579.325799012 154.793338387
579.508687531 144.795010937
####
570.174027756 204.634275928
570.369355093 194.636183749
570.564682429 184.638091569
570.760009766 174.63999939 ---
570.955337102 164.64190721
571.150664439 154.64381503
571.345991775 144.645722851
####
561.984081176 204.474273358
562.179389892 194.476180814
562.374698608 184.478088271
562.570007324 174.479995728 ---
562.76531604 164.481903184
562.960624757 154.483810641
563.155933473 144.485718097
####
553.794022873 204.314283863
553.98935021 194.316191683
554.184677546 184.318099504
554.380004883 174.320007324 ---
554.575332219 164.321915145
554.770659556 154.323822965
554.965986892 144.325730785
####
545.640610667 204.154972718
545.823741259 194.1566497
546.00687185 184.158326681
546.190002441 174.160003662 ---
546.373133033 164.161680643
546.556263624 154.163357625
546.739394215 144.165034606
####
537.449318464 204.004939912
537.632878976 194.006624777
537.816439488 184.008309642
538.0 174.009994507 ---
538.183560512 164.011679372
538.367121024 154.013364237
538.550681536 144.015049102
####
529.353286344 203.856212501
529.512196592 193.857475204
529.671106841 183.858737907
529.83001709 173.86000061 ---
529.988927339 163.861263313
530.147837587 153.862526017
530.306747836 143.86378872
####
521.172184012 203.726189962
521.331464146 193.727458551
521.49074428 183.728727139
521.650024414 173.729995728 ---
521.809304548 163.731264316
521.968584682 153.732532905
522.127864816 143.733801493
####
513.048281804 203.596754155
513.195517947 193.597838138
513.342754091 183.598922121
513.489990234 173.600006104 ---
513.637226378 163.601090086
513.784462521 153.602174069
513.931698665 143.603258052
####
504.898344057 203.476744606
505.045561484 193.477828313
505.192778911 183.47891202
505.339996338 173.479995728 ---
505.487213765 163.481079435
505.634431192 153.482163142
505.781648619 143.483246849
####
496.82190925 203.357742315
496.944606981 193.35849508
497.067304711 183.359247845
497.190002441 173.36000061 ---
497.312700172 163.360753375
497.435397902 153.36150614
497.558095633 143.362258905
####
488.708347577 203.258161134
488.818901233 193.258772258
488.929454889 183.259383383
489.040008545 173.259994507 ---
489.150562201 163.260605631
489.261115857 153.261216755
489.371669513 143.261827879
####
480.604798657 203.168545797
480.70319707 193.169029921
480.801595483 183.169514045
480.899993896 173.169998169 ---
480.99839231 163.170482293
481.096790723 153.170966417
481.195189136 143.171450541
####
472.475517712 203.088551081
472.573674813 193.089032833
472.671831913 183.089514585
472.769989014 173.089996338 ---
472.868146114 163.09047809
472.966303215 153.090959843
473.064460315 143.091441595
####
464.36236492 203.008888264
464.448241652 193.009257012
464.534118385 183.009625759
464.619995117 173.009994507 ---
464.70587185 163.010363254
464.791748582 153.010732002
464.877625314 143.011100749
####
456.212630939 202.93889843
456.298421033 192.939266434
456.384211127 182.939634438
456.470001221 172.940002441 ---
456.555791314 162.940370445
456.641581408 152.940738449
456.727371502 142.941106453
456.813161596 132.941474457
####
448.089963334 202.869188189
448.163308076 192.869457165
448.236652817 182.869726141
448.309997559 172.869995117 ---
448.3833423 162.870264093
448.456687042 152.87053307
448.530031783 142.870802046
448.603376524 132.871071022
####
439.947070562 202.809439804
440.008048669 192.809625722
440.069026776 182.80981164
440.130004883 172.809997559 ---
440.19098299 162.810183477
440.251961097 152.810369395
440.312939204 142.810555313
440.37391731 132.810741231
####
431.748001417 202.759442488
431.80866517 192.759626494
431.869328923 182.759810501
431.929992676 172.759994507 ---
431.990656429 162.760178513
432.051320182 152.760362519
432.111983935 142.760546526
432.172647687 132.760730532
####
423.472307216 202.70921685
423.544872291 192.709480138
423.617437366 182.709743426
423.690002441 172.710006714 ---
423.762567516 162.710270002
423.835132591 152.71053329
423.907697666 142.710796578
423.980262741 132.711059866
####
415.275635493 202.649646478
415.323761471 192.649762284
415.37188745 182.64987809
415.420013428 172.649993896 ---
415.468139406 162.650109703
415.516265384 152.650225509
415.564391362 142.650341315
415.61251734 132.650457121
####
406.930336364 202.60946271
406.99021936 192.60964201
407.050102356 182.60982131
407.109985352 172.61000061 ---
407.169868347 162.610179911
407.229751343 152.610359211
407.289634339 142.610538511
407.349517334 132.610717811
####
398.617178635 202.559657544
398.664789012 192.559770883
398.712399389 182.559884221
398.760009766 172.559997559 ---
398.807620143 162.560110897
398.855230519 152.560224235
398.902840896 142.560337573
398.950451273 132.560450911
####
390.25348125 202.51981522
390.288982617 192.519878237
390.324483984 182.519941255
390.359985352 172.520004272 ---
390.395486719 162.52006729
390.430988086 152.520130308
390.466489453 142.520193325
390.50199082 132.520256343
####
381.768798597 202.489673177
381.815866952 192.489783949
381.862935307 182.489894721
381.910003662 172.490005493 ---
381.957072017 162.490116265
382.004140372 152.490227037
382.051208727 142.49033781
382.098277082 132.490448582
####
373.339731305 202.449914645
373.363155424 192.449942079
373.386579543 182.449969514
373.410003662 172.449996948 ---
373.433427781 162.450024383
373.4568519 152.450051817
373.480276019 142.450079252
373.503700138 132.450106686
####
364.835130607 202.429972417
364.84675211 192.42997917
364.858373614 182.429985923
364.869995117 172.429992676 ---
364.881616621 162.429999429
364.893238124 152.430006182
364.904859628 142.430012935
364.916481131 132.430019688
####
356.304732455 202.41997805
356.293151308 192.419984757
356.281570161 182.419991463
356.269989014 172.419998169 ---
356.258407867 162.420004875
356.24682672 152.420011581
356.235245573 142.420018287
356.223664426 132.420024994
####
347.743748906 202.429813329
347.70917082 192.429873111
347.674592734 182.429932893
347.640014648 172.429992676 ---
347.605436563 162.430052458
347.570858477 152.430112241
347.536280391 142.430172023
347.501702305 132.430231805
####
339.132162588 202.459512661
339.07477221 192.459677346
339.017381833 182.45984203
338.959991455 172.460006714 ---
338.902601078 162.460171398
338.8452107 152.460336082
338.787820323 142.460500766
338.730429945 132.46066545
####
330.524280528 202.50874065
330.432853685 192.509158603
330.341426843 182.509576555
330.25 172.509994507 ---
330.158573157 162.510412459
330.067146315 152.510830411
329.975719472 142.511248363
329.884292629 132.511666315
####
321.945172684 202.586693177
321.796781789 192.587794231
321.648390895 182.588895284
321.5 172.589996338 ---
321.351609105 162.591097391
321.203218211 152.592198445
321.054827316 142.593299498
320.906436422 132.594400552
####
313.320081736 202.714392261
313.126717902 192.716261914
312.933354068 182.718131567
312.739990234 172.720001221 ---
312.5466264 162.721870874
312.353262566 152.723740527
312.159898732 142.725610181
311.966534899 132.727479834
####
304.732932035 202.879781592
304.471958759 192.883187525
304.210985483 182.886593457
303.950012207 172.88999939 ---
303.689038931 162.893405322
303.428065655 152.896811255
303.167092379 142.900217187
302.906119103 132.90362312
####
296.194968709 203.101440578
295.843317356 193.107625425
295.491666002 183.113810271
295.140014648 173.119995117 ---
294.788363295 163.126179964
294.436711941 153.13236481
294.085060587 143.138549656
293.733409234 133.144734503
####
287.621325599 203.402187182
287.190879256 193.41145568
286.760432914 183.420724178
286.329986572 173.429992676 ---
285.89954023 163.439261174
285.469093888 153.448529672
285.038647546 143.45779817
284.608201204 133.467066667
####
279.140234629 203.765670926
278.596826341 193.78044647
278.053418053 183.795222014
277.510009766 173.809997559 ---
276.966601478 163.824773103
276.42319319 153.839548647
275.879784903 143.854324191
275.336376615 133.869099735
274.792968327 123.88387528
####
270.660771383 204.225191127
270.003848402 194.246791847
269.346925422 184.268392566
268.690002441 174.289993286 ---
268.033079461 164.311594006
267.376156481 154.333194725
266.7192335 144.354795445
266.06231052 134.376396165
265.405387539 124.397996884
####
262.289922131 204.773043438
261.486616382 194.805360664
260.683310632 184.837677891
259.880004883 174.869995117 ---
259.076699133 164.902312344
258.273393384 154.93462957
257.470087635 144.966946797
256.666781885 134.999264023
255.863476136 125.03158125
255.060170387 115.063898476
####
253.957528211 205.440715539
252.995021249 195.487144303
252.032514286 185.533573067
251.070007324 175.580001831 ---
250.107500362 165.626430595
249.1449934 155.672859359
248.182486437 145.719288123
247.219979475 135.765716888
246.257472513 125.812145652
245.294965551 115.858574416
####
245.678726401 206.23684844
244.545817194 196.301229852
243.412907987 186.365611264
242.279998779 176.429992676 ---
241.147089572 166.494374088
240.014180365 156.5587555
238.881271157 146.623136911
237.74836195 136.687518323
236.615452743 126.751899735
235.482543536 116.816281147
####
237.48608055 207.165337634
236.160718536 197.253555981
234.835356521 187.341774328
233.509994507 177.429992676 ---
232.184632492 167.518211023
230.859270478 157.60642937
229.533908463 147.694647718
228.208546449 137.782866065
226.883184435 127.871084412
225.55782242 117.95930276
####
229.349779882 208.246824992
227.819851424 198.364552029
226.289922965 188.482279066
224.759994507 178.600006104 ---
223.230066048 168.717733141
221.70013759 158.835460178
220.170209132 148.953187215
218.640280673 139.070914252
217.110352215 129.188641289
215.580423756 119.306368326
####
221.340758776 209.477981729
219.573836946 199.635320135
217.806915116 189.792658542
216.039993286 179.949996948 ---
214.273071456 170.107335355
212.506149626 160.264673761
210.739227796 150.422012167
208.972305966 140.579350574
207.205384136 130.73668898
205.438462306 120.894027387
####
213.364124643 210.900985953
211.359418463 201.103988804
209.354712284 191.306991656
207.350006104 181.509994507 ---
205.345299924 171.712997358
203.340593744 161.916000209
201.335887564 152.119003061
199.331181384 142.322005912
197.326475204 132.525008763
195.321769024 122.728011615
####
205.520085133 212.494488286
203.246722404 202.756325117
200.973359676 193.018161948
198.699996948 183.279998779 ---
196.42663422 173.54183561
194.153271492 163.803672441
191.879908764 154.065509272
189.606546036 144.327346103
187.333183308 134.589182934
185.05982058 124.851019765
####
197.788220851 214.2854643
195.222146014 204.620307296
192.656071176 194.955150291
190.089996338 185.289993286 ---
187.5239215 175.624836281
184.957846662 165.959679277
182.391771824 156.294522272
179.825696986 146.629365267
177.259622149 136.964208262
174.693547311 127.299051258
####
190.107605044 216.310580662
187.251734458 206.727052961
184.395863872 197.14352526
181.539993286 187.559997559 ---
178.6841227 177.976469858
175.828252114 168.392942157
172.972381528 158.809414455
170.116510943 149.225886754
167.260640357 139.642359053
164.404769771 130.058831352
####
179.388082609 209.059148863
176.21904283 199.574572601
173.050003052 190.089996338 ---
169.880963273 180.605420075
166.711923495 171.120843813
163.542883716 161.63626755
160.373843938 152.151691287
157.204804159 142.667115025
154.035764381 133.182538762
####
171.635345775 211.636725974
168.137672582 202.268359935
164.63999939 192.899993896 ---
161.142326197 183.531627858
157.644653004 174.163261819
154.146979812 164.79489578
150.649306619 155.426529741
147.151633427 146.058163702
143.653960234 136.689797663
####
163.9847739 214.478827933
160.147385729 205.24441122
156.309997559 196.009994507 ---
152.472609388 186.775577794
148.635221217 177.541161081
144.797833047 168.306744368
140.960444876 159.072327655
137.123056705 149.837910942
133.285668535 140.603494229
####
156.482467979 217.579333232
152.281234905 208.504662954
148.080001831 199.429992676 ---
143.878768757 190.355322398
139.677535683 181.28065212
135.476302609 172.205981841
131.275069534 163.131311563
127.07383646 154.056641285
122.872603386 144.981971007
####
149.111333568 220.973774433
144.545664648 212.076883555
139.979995728 203.179992676 ---
135.414326807 194.283101797
130.848657887 185.386210918
126.282988966 176.489320039
121.717320046 167.592429161
117.151651126 158.695538282
112.585982205 149.798647403
108.020313285 140.901756524
####
141.884844314 224.662167487
136.94741941 215.96608588
132.009994507 207.270004272 ---
127.072569603 198.573922665
122.1351447 189.877841058
117.197719797 181.18175945
112.260294893 172.485677843
107.32286999 163.789596235
102.385445087 155.093514628
97.4480201834 146.39743302
####
134.823868319 228.648746233
129.50693538 220.179376473
124.190002441 211.710006714 ---
118.873069502 203.240636954
113.556136564 194.771267195
108.239203625 186.301897435
102.922270686 177.832527676
97.6053377467 169.363157916
92.2884048078 160.893788157
86.9714718688 152.424418397
####
127.993594592 232.909535609
122.276796075 224.704767804
116.559997559 216.5 ---
110.843199042 208.295232196
105.126400526 200.090464391
99.4096020091 191.885696587
93.6928034926 183.680928783
87.9760049761 175.476160979
82.2592064596 167.271393174
76.5424079431 159.06662537
70.8256094266 150.861857566
####
115.231250598 229.600739542
109.13999939 221.669998169 ---
103.048748182 213.739256796
96.9574969734 205.808515424
90.8662457653 197.877774051
84.7749945571 189.947032678
78.683743349 182.016291306
72.5924921409 174.085549933
66.5012409327 166.154808561
60.4099897246 158.224067188
####
108.435256076 234.803396203
101.940002441 227.199996948 ---
95.4447488073 219.596597693
88.9494951732 211.993198439
82.4542415391 204.389799184
75.958987905 196.786399929
69.4637342709 189.183000674
62.9684806368 181.579601419
56.4732270027 173.976202164
49.9779733686 166.372802909
43.4827197345 158.769403655
####
101.892608709 240.374629965
95.0100021362 233.119995117 ---
88.1273955639 225.86536027
81.2447889916 218.610725422
74.3621824192 211.356090575
67.4795758469 204.101455727
60.5969692746 196.84682088
53.7143627022 189.592186032
46.8317561299 182.337551185
39.9491495576 175.082916337
33.0665429852 167.82828149
####
95.6392408859 246.287749069
88.3799972534 239.410003662 ---
81.1207536209 232.532258255
73.8615099885 225.654512848
66.602266356 218.776767441
59.3430227235 211.899022034
52.0837790911 205.021276627
44.8245354586 198.14353122
37.5652918261 191.265785813
30.3060481937 184.388040406
23.0468045612 177.510294999
####
97.3377128143 258.98886703
89.7038562546 252.529437177
82.0699996948 246.070007324 ---
74.4361431351 239.610577471
66.8022865753 233.151147618
59.1684300156 226.691717765
51.5345734558 220.232287912
43.9007168961 213.772858059
36.2668603363 207.313428207
28.6330037766 200.853998354
20.9991472168 194.394568501
13.3652906571 187.935138648
####
100.094834906 271.136784315
92.1065556885 265.121188322
84.118276471 259.10559233
76.1299972534 253.089996338 ---
68.1417180359 247.074400346
60.1534388183 241.058804353
52.1651596007 235.043208361
44.1768803832 229.027612369
36.1886011656 223.012016377
28.200321948 216.996420384
20.2120427305 210.980824392
12.2237635129 204.9652284
4.23548429536 198.949632407
####
103.901877864 282.588086214
95.5714088554 277.056062525
87.2409398473 271.524038835
78.9104708392 265.992015145
70.5800018311 260.459991455 ---
62.2495328229 254.927967765
53.9190638148 249.395944075
45.5885948067 243.863920386
37.2581257986 238.331896696
28.9276567905 232.799873006
20.5971877824 227.267849316
12.2667187743 221.735825626
####
100.053353402 288.252339913
91.4050148227 283.231758292
82.7566762433 278.21117667
74.1083376639 273.190595049
65.4599990845 268.170013428 ---
56.8116605051 263.149431806
48.1633219257 258.128850185
39.5149833463 253.108268564
30.8666447669 248.087686943
22.2183061875 243.067105321
13.5699676081 238.0465237
####
105.498979486 298.605318431
96.5611838637 294.12025328
87.6233882411 289.635188129
78.6855926185 285.150122978
69.7477969959 280.665057827
60.8100013733 276.179992676 ---
51.8722057507 271.694927525
42.9344101281 267.209862374
33.9966145055 262.724797223
25.0588188829 258.239732072
16.1210232603 253.754666921
####
102.66558254 304.029303457
93.4624663369 300.11744301
84.2593501341 296.205582562
75.0562339314 292.293722115
65.8531177286 288.381861668
56.6500015259 284.470001221 ---
47.4468853231 280.558140773
38.2437691204 276.646280326
29.0406529176 272.734419879
19.8375367149 268.822559432
####
109.595838189 312.989363734
100.166531901 309.659471406
90.737225612 306.329579078
81.3079193235 302.99968675
71.8786130349 299.669794422
62.4493067463 296.339902094
53.0200004578 293.010009766 ---
43.5906941692 289.680117438
34.1613878806 286.35022511
24.7320815921 283.020332781
####
107.665246381 318.089166527
98.0427053686 315.3676404
88.4201643559 312.646114273
78.7976233432 309.924588146
69.1750823305 307.203062019
59.5525413179 304.481535892
49.9300003052 301.760009766 ---
40.3074592925 299.038483639
30.6849182798 296.316957512
####
106.07433888 323.259506103
96.2969490416 321.161257324
86.5195592027 319.063008545
76.7421693639 316.964759765
66.9647795251 314.866510986
57.1873896862 312.768262207
47.4099998474 310.670013428 ---
37.6326100086 308.571764649
27.8552201698 306.473515869
####
104.805703689 328.613609404
94.9164199443 327.12967308
85.0271361996 325.645736755
75.1378524549 324.16180043
65.2485687102 322.677864105
55.3592849654 321.19392778
45.4700012207 319.709991455 ---
35.580717476 318.22605513
####
113.847586116 334.77918973
103.883645024 333.930733531
93.9197039326 333.082277332
83.9557628409 332.233821133
73.9918217492 331.385364934
64.0278806575 330.536908736
54.0639395658 329.688452537
44.0999984741 328.839996338 ---
34.1360573824 327.991540139
####
113.299862877 339.678913062
103.302739565 339.439068339
93.3056162532 339.199223616
83.3084929415 338.959378893
73.3113696298 338.71953417
63.3142463182 338.479689446
53.3171230065 338.239844723
43.3199996948 338.0 ---
33.3228763832 337.760155277
####
113.057135998 344.720746302
103.063259209 345.070641606
93.0693824198 345.42053691
83.0755056307 345.770432213
73.0816288415 346.120327517
63.0877520524 346.47022282
53.0938752633 346.820118124
43.0999984741 347.170013428 ---
33.106121685 347.519908731
####
113.121715059 349.854715801
103.164326932 350.776898909
93.2069388047 351.699082017
83.2495506776 352.621265126
73.2921625504 353.543448234
63.3347744233 354.465631342
53.3773862961 355.38781445
43.4199981689 356.309997559 ---
####
113.526843333 355.275343475
103.63157976 356.718866533
93.7363161868 358.162389591
83.8410526137 359.60591265
73.9457890407 361.049435708
64.0505254676 362.492958766
54.1552618946 363.936481825
44.2599983215 365.380004883 ---
####
114.281069716 360.988790322
104.46520257 362.89896104
94.6493354243 364.809131759
84.8334682784 366.719302477
75.0176011325 368.629473196
65.2017339866 370.539643914
55.3858668407 372.449814633
45.5699996948 374.359985352 ---
####
115.375547786 366.949089298
105.650469422 369.277790827
95.925391058 371.606492356
86.2003126938 373.935193885
76.4752343296 376.263895414
66.7501559655 378.592596942
57.0250776013 380.921298471
47.2999992371 383.25 ---
####
116.822817305 373.200745873
107.19098648 375.889209179
97.5591556539 378.577672484
87.9273248283 381.26613579
78.2954940027 383.954599096
68.6636631771 386.643062402
59.0318323515 389.331525708
49.4000015259 392.019989014 ---
####
118.629439815 379.797450879
109.085234084 382.782101102
99.5410283523 385.766751325
89.9968226208 388.751401549
80.4526168893 391.736051772
70.9084111578 394.720701995
61.3642054263 397.705352218
51.8199996948 400.690002441 ---
####
120.781692881 386.74918595
111.312879612 389.965017924
101.844066343 393.180849897
92.3752530747 396.396681871
82.906439806 399.612513845
73.4376265374 402.828345818
63.9688132687 406.044177792
54.5 409.260009766 ---
####
123.245126052 394.037979541
113.835822483 397.423981069
104.426518914 400.809982597
95.0172153445 404.195984124
85.6079117754 407.581985652
76.1986082063 410.967987179
66.7893046372 414.353988707
57.3800010681 417.739990234 ---
47.970697499 421.125991762
####
125.965906721 401.61569528
116.600777168 405.122025049
107.235647614 408.628354818
97.8705180611 412.134684587
88.5053885076 415.641014356
79.1402589542 419.147344124
69.7751294008 422.653673893
60.4099998474 426.160003662 ---
51.044870294 429.666333431
####
128.858031938 409.349474053
119.526884649 412.945261905
110.19573736 416.541049756
100.864590071 420.136837608
91.5334427822 423.732625459
82.2022954933 427.328413311
72.8711482044 430.924201162
63.5400009155 434.519989014 ---
54.2088536266 438.115776865
####
131.952022062 417.380488657
122.637447482 421.018991149
113.322872902 424.657493641
104.008298321 428.295996134
94.693723741 431.934498626
85.3791491607 435.573001119
76.0645745803 439.211503611
66.75 442.850006104 ---
57.4354254197 446.488508596
####
135.122093468 425.496818412
125.818937259 429.1644177
116.515781049 432.832016988
107.212624839 436.499616276
97.9094686293 440.167215564
88.6063124195 443.834814852
79.3031562098 447.50241414
70.0 451.170013428 ---
60.6968437902 454.837612716
####
138.359228096 433.708331801
129.062195336 437.391425863
119.765162577 441.074519925
110.468129817 444.757613987
101.171097058 448.440708049
91.8740642983 452.123802111
82.5770315388 455.806896173
73.2799987793 459.489990234 ---
63.9829660198 463.173084296
####
141.653690534 442.024367409
132.357449291 445.709458826
123.061208047 449.394550242
113.764966804 453.079641658
104.468725561 456.764733075
95.1724843175 460.449824491
85.8762430743 464.134915908
76.5800018311 467.820007324 ---
67.2837605878 471.505098741
####
135.607766392 453.909500399
126.321471891 457.619585904
117.035177391 461.329671409
107.748882891 465.039756914
98.4625883904 468.749842418
89.17629389 472.459927923
79.8899993896 476.170013428 ---
70.6037048893 479.880098932
61.3174103889 483.590184437
####
138.924828721 462.212148801
129.642357827 465.931790464
120.359886933 469.651432127
111.077416039 473.37107379
101.794945145 477.090715453
92.5124742509 480.810357116
83.2300033569 484.529998779 ---
73.9475324629 488.249640442
64.6650615689 491.969282105
####
142.14982198 470.262706178
132.888185289 474.033924257
123.626548597 477.805142335
114.364911906 481.576360413
105.103275214 485.347578492
95.8416385226 489.11879657
86.5800018311 492.890014648 ---
77.3183651395 496.661232727
68.056728448 500.432450805
####
145.39597651 478.238470296
136.159980985 482.072056952
126.923985459 485.905643609
117.687989934 489.739230265
108.451994408 493.572816922
99.2159988825 497.406403578
89.9800033569 501.239990234 ---
80.7440078314 505.073576891
71.5080123058 508.907163547
####
148.687017774 486.171998713
139.480847636 490.076666611
130.274677499 493.98133451
121.068507361 497.886002408
111.862337223 501.790670307
102.656167086 505.695338205
93.4499969482 509.600006104 ---
84.2438268106 513.504674002
75.037656673 517.4093419
####
152.020088758 494.036942624
142.850073965 498.025780637
133.680059172 502.01461865
124.510044379 506.003456664
115.340029586 509.992294677
106.170014793 513.98113269
97.0 517.969970703 ---
87.829985207 521.958808716
78.6599704139 525.947646729
69.4899556209 529.936484743
####
155.4509667 501.932212364
146.322472301 506.015175749
137.193977901 510.098139134
128.065483502 514.18110252
118.936989103 518.264065905
109.808494704 522.34702929
100.680000305 526.429992676 ---
91.5515059061 530.512956061
82.423011507 534.595919446
73.294517108 538.678882832
####
159.113738132 510.125940404
150.018115263 514.281616596
140.922492393 518.437292789
131.826869524 522.592968981
122.731246654 526.748645174
113.635623785 530.904321366
104.540000916 535.059997559 ---
95.4443780461 539.215673751
86.3487551766 543.371349944
77.2531323072 547.527026136
####
162.982137737 518.597899353
153.921781905 522.8299145
144.861426073 527.061929647
135.801070242 531.293944794
126.74071441 535.525959941
117.680358578 539.757975087
108.620002747 543.989990234 ---
99.5596469149 548.222005381
90.4992910832 552.454020528
81.4389352516 556.686035675
####
158.161420269 531.909929585
149.133135544 536.209938297
140.104850818 540.509947009
131.076566093 544.809955721
122.048281368 549.109964433
113.019996643 553.409973145 ---
103.991711918 557.709981856
94.9634271928 562.009990568
85.9351424677 566.30999928
76.9068577426 570.610007992
####
162.76128998 541.573768742
153.777031251 545.965020853
144.792772523 550.356272964
135.808513795 554.747525075
126.824255066 559.138777186
117.839996338 563.530029297 ---
108.85573761 567.921281408
99.8714788812 572.312533519
90.8872201529 576.70378563
81.9029614246 581.095037741
####
167.94488815 552.186707749
159.011910276 556.681360828
150.078932402 561.176013907
141.145954527 565.670666986
132.212976653 570.165320065
123.279998779 574.659973145 ---
114.347020905 579.154626224
105.414043031 583.649279303
96.4810651571 588.143932382
87.548087283 592.638585461
####
174.128434522 564.480484934
165.23474835 569.052393318
156.341062178 573.624301702
147.447376006 578.196210087
138.553689834 582.768118471
129.660003662 587.340026855 ---
120.76631749 591.91193524
111.872631318 596.483843624
102.978945146 601.055752009
94.0852589743 605.627660393
85.1915728024 610.199568777
####
