0 0
5 5
15 10
30 15
50 20
75 25
105 30
140 35
177.5 37.5
215.0 37.5
252.5 37.5
290.0 37.5
327.5 37.5
365.0 37.5
402.5 37.5
440.0 37.5
477.5 37.5
515.0 37.5
552.5 37.5
590.0 37.5
627.5 37.5
665.0 37.5
702.5 37.5
740.0 37.5
777.5 37.5
815.0 37.5
852.5 37.5
890.0 37.5
922.5 32.5
950.0 27.5
972.5 22.5
990.0 17.5
1002.5 12.5
1010.0 7.5
1017.5 7.5
1025.0 7.5
1032.5 7.5
1040.0 7.5
1047.5 7.5
1055.0 7.5
1062.5 7.5
1070.0 7.5
1077.5 7.5
1085.0 7.5
1092.5 7.5
1100.0 7.5
1112.5 12.5
1130.0 17.5
1152.5 22.5
1180.0 27.5
1212.5 32.5
1250.0 37.5
1287.5 37.5
1325.0 37.5
1362.5 37.5
1400.0 37.5
1437.5 37.5
1475.0 37.5
1512.5 37.5
1550.0 37.5
1587.5 37.5
1625.0 37.5
1662.5 37.5
1700.0 37.5
1737.5 37.5
1775.0 37.5
1812.5 37.5
1850.0 37.5
1887.5 37.5
1920.0 32.5
1947.5 27.5
1970.0 22.5
1987.5 17.5
2000.0 12.5
2007.5 7.5
2015.0 7.5
2022.5 7.5
2030.0 7.5
2037.5 7.5
2045.0 7.5
2052.5 7.5
2060.0 7.5
2067.5 7.5
2075.0 7.5
2082.5 7.5
2090.0 7.5
2097.5 7.5
2105.0 7.5
2117.5 12.5
2135.0 17.5
2157.5 22.5
2185.0 27.5
2217.5 32.5
2255.0 37.5
2292.5 37.5
2330.0 37.5
2367.5 37.5
2405.0 37.5
2442.5 37.5
2480.0 37.5
2517.5 37.5
2555.0 37.5
2592.5 37.5
2630.0 37.5
2667.5 37.5
2705.0 37.5
2742.5 37.5
2780.0 37.5
2817.5 37.5
2855.0 37.5
2892.5 37.5
2930.0 37.5
2967.5 37.5
3005.0 37.5
3042.5 37.5
3080.0 37.5
3117.5 37.5
3155.0 37.5
3192.5 37.5
3230.0 37.5
3267.5 37.5
3305.0 37.5
3342.5 37.5
3380.0 37.5
3417.5 37.5
3455.0 37.5
3492.5 37.5
3530.0 37.5
3567.5 37.5
3605.0 37.5
3642.5 37.5
3680.0 37.5
3717.5 37.5
3755.0 37.5
3792.5 37.5
3830.0 37.5
3867.5 37.5
3905.0 37.5
3937.5 32.5
3965.0 27.5
3987.5 22.5
4005.0 17.5
4017.5 12.5
4025.0 7.5
4032.5 7.5
4040.0 7.5
4047.5 7.5
4055.0 7.5
4062.5 7.5
4070.0 7.5
4077.5 7.5
4085.0 7.5
4092.5 7.5
4100.0 7.5
4112.5 12.5
4130.0 17.5
4152.5 22.5
4180.0 27.5
4212.5 32.5
4250.0 37.5
4287.5 37.5
4325.0 37.5
4362.5 37.5
4400.0 37.5
4437.5 37.5
4475.0 37.5
4512.5 37.5
4550.0 37.5
4587.5 37.5
4625.0 37.5
4662.5 37.5
4700.0 37.5
4737.5 37.5
4775.0 37.5
4812.5 37.5
4850.0 37.5
4887.5 37.5
4920.0 32.5
4947.5 27.5
4970.0 22.5
4987.5 17.5
5000.0 12.5
5007.5 7.5
5015.0 7.5
5022.5 7.5
5030.0 7.5
5037.5 7.5
5045.0 7.5
5052.5 7.5
5060.0 7.5
5067.5 7.5
5075.0 7.5
5082.5 7.5
5090.0 7.5
5097.5 7.5
5105.0 7.5
5117.5 12.5
5135.0 17.5
5157.5 22.5
5185.0 27.5
5217.5 32.5
5255.0 37.5
5292.5 37.5
5330.0 37.5
5367.5 37.5
5405.0 37.5
5442.5 37.5
5480.0 37.5
5517.5 37.5
5555.0 37.5
5592.5 37.5
5630.0 37.5
5667.5 37.5
5705.0 37.5
5742.5 37.5
5780.0 37.5
5817.5 37.5
5855.0 37.5
5892.5 37.5
5930.0 37.5
5967.5 37.5
6005.0 37.5
6042.5 37.5
6080.0 37.5
6117.5 37.5
6155.0 37.5
6192.5 37.5
6230.0 37.5
6267.5 37.5
6305.0 37.5
6342.5 37.5
6380.0 37.5
6417.5 37.5
6455.0 37.5
6492.5 37.5
6530.0 37.5
6567.5 37.5
6605.0 37.5
6642.5 37.5
6680.0 37.5
6717.5 37.5
6755.0 37.5
6792.5 37.5
6830.0 37.5
6867.5 37.5
6905.0 37.5
6937.5 32.5
6965.0 27.5
6987.5 22.5
7005.0 17.5
7017.5 12.5
7025.0 7.5
7032.5 7.5
7040.0 7.5
7047.5 7.5
7055.0 7.5
7062.5 7.5
7070.0 7.5
7077.5 7.5
7085.0 7.5
7092.5 7.5
7100.0 7.5
7112.5 12.5
7130.0 17.5
7152.5 22.5
7180.0 27.5
7212.5 32.5
7250.0 37.5
7287.5 37.5
7325.0 37.5
7362.5 37.5
7400.0 37.5
7437.5 37.5
7475.0 37.5
7512.5 37.5
7550.0 37.5
7587.5 37.5
7625.0 37.5
7662.5 37.5
7700.0 37.5
7737.5 37.5
7775.0 37.5
7812.5 37.5
7850.0 37.5
7887.5 37.5
7920.0 32.5
7947.5 27.5
7970.0 22.5
7987.5 17.5
8000.0 12.5
8007.5 7.5
8015.0 7.5
8022.5 7.5
8030.0 7.5
8037.5 7.5
8045.0 7.5
8052.5 7.5
8060.0 7.5
8067.5 7.5
8075.0 7.5
8082.5 7.5
8090.0 7.5
8097.5 7.5
8105.0 7.5
8117.5 12.5
8135.0 17.5
8157.5 22.5
8185.0 27.5
8217.5 32.5
8255.0 37.5
8292.5 37.5
8330.0 37.5
8367.5 37.5
8405.0 37.5
8442.5 37.5
8480.0 37.5
8517.5 37.5
8555.0 37.5
8592.5 37.5
8630.0 37.5
8667.5 37.5
8705.0 37.5
8742.5 37.5
8780.0 37.5
8817.5 37.5
8855.0 37.5
8892.5 37.5
8930.0 37.5
8967.5 37.5
