0 0
5 5
15 10
30 15
50 20
75 25
105 30
135.0 30.0
165.0 30.0
195.0 30.0
225.0 30.0
255.0 30.0
285.0 30.0
315.0 30.0
345.0 30.0
375.0 30.0
405.0 30.0
435.0 30.0
465.0 30.0
495.0 30.0
525.0 30.0
555.0 30.0
585.0 30.0
615.0 30.0
645.0 30.0
675.0 30.0
705.0 30.0
735.0 30.0
765.0 30.0
795.0 30.0
825.0 30.0
855.0 30.0
885.0 30.0
915.0 30.0
945.0 30.0
970.0 25.0
990.0 20.0
1005.0 15.0
1015.0 10.0
1025.0 10.0
1035.0 10.0
1045.0 10.0
1055.0 10.0
1065.0 10.0
1075.0 10.0
1085.0 10.0
1095.0 10.0
1105.0 10.0
1120.0 15.0
1140.0 20.0
1165.0 25.0
1195.0 30.0
1225.0 30.0
1255.0 30.0
1285.0 30.0
1315.0 30.0
1345.0 30.0
1375.0 30.0
1405.0 30.0
1435.0 30.0
1465.0 30.0
1495.0 30.0
1525.0 30.0
1555.0 30.0
1585.0 30.0
1615.0 30.0
1645.0 30.0
1675.0 30.0
1705.0 30.0
1735.0 30.0
1765.0 30.0
1795.0 30.0
1825.0 30.0
1855.0 30.0
1885.0 30.0
1915.0 30.0
1945.0 30.0
1970.0 25.0
1990.0 20.0
2005.0 15.0
2015.0 10.0
2025.0 10.0
2035.0 10.0
2045.0 10.0
2055.0 10.0
2065.0 10.0
2075.0 10.0
2085.0 10.0
2095.0 10.0
2105.0 10.0
2120.0 15.0
2140.0 20.0
2165.0 25.0
2195.0 30.0
2225.0 30.0
2255.0 30.0
2285.0 30.0
2315.0 30.0
2345.0 30.0
2375.0 30.0
2405.0 30.0
2435.0 30.0
2465.0 30.0
2495.0 30.0
2525.0 30.0
2555.0 30.0
2585.0 30.0
2615.0 30.0
2645.0 30.0
2675.0 30.0
2705.0 30.0
2735.0 30.0
2765.0 30.0
2795.0 30.0
2825.0 30.0
2855.0 30.0
2885.0 30.0
2915.0 30.0
2945.0 30.0
2975.0 30.0
3005.0 30.0
3035.0 30.0
3065.0 30.0
3095.0 30.0
3125.0 30.0
3155.0 30.0
3185.0 30.0
3215.0 30.0
3245.0 30.0
3275.0 30.0
3305.0 30.0
3335.0 30.0
3365.0 30.0
3395.0 30.0
3425.0 30.0
3455.0 30.0
3485.0 30.0
3515.0 30.0
3545.0 30.0
3575.0 30.0
3605.0 30.0
3635.0 30.0
3665.0 30.0
3695.0 30.0
3725.0 30.0
3755.0 30.0
3785.0 30.0
3815.0 30.0
3845.0 30.0
3875.0 30.0
3905.0 30.0
3935.0 30.0
3960.0 25.0
3980.0 20.0
3995.0 15.0
4005.0 10.0
4015.0 10.0
4025.0 10.0
4035.0 10.0
4045.0 10.0
4055.0 10.0
4065.0 10.0
4075.0 10.0
4085.0 10.0
4095.0 10.0
4105.0 10.0
4120.0 15.0
4140.0 20.0
4165.0 25.0
4195.0 30.0
4225.0 30.0
4255.0 30.0
4285.0 30.0
4315.0 30.0
4345.0 30.0
4375.0 30.0
4405.0 30.0
4435.0 30.0
4465.0 30.0
4495.0 30.0
4525.0 30.0
4555.0 30.0
4585.0 30.0
4615.0 30.0
4645.0 30.0
4675.0 30.0
4705.0 30.0
4735.0 30.0
4765.0 30.0
4795.0 30.0
4825.0 30.0
4855.0 30.0
4885.0 30.0
4915.0 30.0
4945.0 30.0
4970.0 25.0
4990.0 20.0
5005.0 15.0
5015.0 10.0
5025.0 10.0
5035.0 10.0
5045.0 10.0
5055.0 10.0
5065.0 10.0
5075.0 10.0
5085.0 10.0
5095.0 10.0
5105.0 10.0
5120.0 15.0
5140.0 20.0
5165.0 25.0
5195.0 30.0
5225.0 30.0
5255.0 30.0
5285.0 30.0
5315.0 30.0
5345.0 30.0
5375.0 30.0
5405.0 30.0
5435.0 30.0
5465.0 30.0
5495.0 30.0
5525.0 30.0
5555.0 30.0
5585.0 30.0
5615.0 30.0
5645.0 30.0
5675.0 30.0
5705.0 30.0
5735.0 30.0
5765.0 30.0
5795.0 30.0
5825.0 30.0
5855.0 30.0
5885.0 30.0
5915.0 30.0
5945.0 30.0
5975.0 30.0
6005.0 30.0
6035.0 30.0
6065.0 30.0
6095.0 30.0
6125.0 30.0
6155.0 30.0
6185.0 30.0
6215.0 30.0
6245.0 30.0
6275.0 30.0
6305.0 30.0
6335.0 30.0
6365.0 30.0
6395.0 30.0
6425.0 30.0
6455.0 30.0
6485.0 30.0
6515.0 30.0
6545.0 30.0
6575.0 30.0
6605.0 30.0
6635.0 30.0
6665.0 30.0
6695.0 30.0
6725.0 30.0
6755.0 30.0
6785.0 30.0
6815.0 30.0
6845.0 30.0
6875.0 30.0
6905.0 30.0
6935.0 30.0
6960.0 25.0
6980.0 20.0
6995.0 15.0
7005.0 10.0
7015.0 10.0
7025.0 10.0
7035.0 10.0
7045.0 10.0
7055.0 10.0
7065.0 10.0
7075.0 10.0
7085.0 10.0
7095.0 10.0
7105.0 10.0
7120.0 15.0
7140.0 20.0
7165.0 25.0
7195.0 30.0
7225.0 30.0
7255.0 30.0
7285.0 30.0
7315.0 30.0
7345.0 30.0
7375.0 30.0
7405.0 30.0
7435.0 30.0
7465.0 30.0
7495.0 30.0
7525.0 30.0
7555.0 30.0
7585.0 30.0
7615.0 30.0
7645.0 30.0
7675.0 30.0
7705.0 30.0
7735.0 30.0
7765.0 30.0
7795.0 30.0
7825.0 30.0
7855.0 30.0
7885.0 30.0
7915.0 30.0
7945.0 30.0
7970.0 25.0
7990.0 20.0
8005.0 15.0
8015.0 10.0
8025.0 10.0
8035.0 10.0
8045.0 10.0
8055.0 10.0
8065.0 10.0
8075.0 10.0
8085.0 10.0
8095.0 10.0
8105.0 10.0
8120.0 15.0
8140.0 20.0
8165.0 25.0
8195.0 30.0
8225.0 30.0
8255.0 30.0
8285.0 30.0
8315.0 30.0
8345.0 30.0
8375.0 30.0
8405.0 30.0
8435.0 30.0
8465.0 30.0
8495.0 30.0
8525.0 30.0
8555.0 30.0
8585.0 30.0
8615.0 30.0
8645.0 30.0
8675.0 30.0
8705.0 30.0
8735.0 30.0
8765.0 30.0
8795.0 30.0
8825.0 30.0
8855.0 30.0
8885.0 30.0
8915.0 30.0
8945.0 30.0
8975.0 30.0
