0 0
5 5
15 10
30 15
50 20
75 25
105 30
140 35
180 40
225 45
274.8 49.8
324.5 49.7
374.1 49.6
423.6 49.5
473.0 49.4
522.3 49.3
571.5 49.2
620.6 49.1
669.6 49.0
718.5 48.9
767.3 48.8
816.0 48.7
859.7 43.7
898.4 38.7
932.1 33.7
960.8 28.7
984.5 23.7
1003.2 18.7
1016.9 13.7
1025.6 8.7
1034.3 8.7
1043.0 8.7
1051.7 8.7
1060.4 8.7
1069.1 8.7
1077.8 8.7
1086.5 8.7
1095.2 8.7
1103.9 8.7
1117.6 13.7
1136.3 18.7
1160.0 23.7
1188.7 28.7
1222.4 33.7
1261.1 38.7
1304.8 43.7
1353.0 48.2
1401.1 48.1
1449.1 48.0
1497.0 47.9
1544.8 47.8
1592.5 47.7
1640.1 47.6
1687.6 47.5
1735.0 47.4
1782.3 47.3
1829.5 47.2
1871.7 42.2
1908.9 37.2
1941.1 32.2
1968.3 27.2
1990.5 22.2
2007.7 17.2
2019.9 12.2
2027.1 7.2
2034.3 7.2
2041.5 7.2
2048.7 7.2
2055.9 7.2
2063.1 7.2
2070.3 7.2
2077.5 7.2
2084.7 7.2
2091.9 7.2
2099.1 7.2
2106.3 7.2
2118.5 12.2
2135.7 17.2
2157.9 22.2
2185.1 27.2
2217.3 32.2
2254.5 37.2
2296.7 42.2
2343.4 46.7
2390.0 46.6
2436.5 46.5
2482.9 46.4
2529.2 46.3
2575.4 46.2
2621.5 46.1
2667.5 46.0
2713.4 45.9
2759.2 45.8
2804.9 45.7
2850.5 45.6
2896.0 45.5
2941.4 45.4
2986.7 45.3
3031.9 45.2
3077.0 45.1
3122.0 45.0
3166.9 44.9
3211.7 44.8
3256.4 44.7
3301.0 44.6
3345.5 44.5
3389.9 44.4
3434.2 44.3
3478.4 44.2
3522.5 44.1
3566.5 44.0
3610.4 43.9
3654.2 43.8
3697.9 43.7
3741.5 43.6
3785.0 43.5
3828.4 43.4
3866.8 38.4
3900.2 33.4
3928.6 28.4
3962.0 33.4
3990.4 28.4
4013.8 23.4
4032.2 18.4
4045.6 13.4
4054.0 8.4
4062.4 8.4
4070.8 8.4
4079.2 8.4
4087.6 8.4
4096.0 8.4
4104.4 8.4
4117.8 13.4
4136.2 18.4
4159.6 23.4
4188.0 28.4
4221.4 33.4
4259.8 38.4
4302.6 42.8
4345.3 42.7
4387.9 42.6
4430.4 42.5
4472.8 42.4
4515.1 42.3
4557.3 42.2
4599.4 42.1
4641.4 42.0
4683.3 41.9
4725.1 41.8
4766.8 41.7
4808.4 41.6
4849.9 41.5
4886.4 36.5
4917.9 31.5
4944.4 26.5
4965.9 21.5
4982.4 16.5
5003.9 21.5
5020.4 16.5
5031.9 11.5
5038.4 6.5
5044.9 6.5
5051.4 6.5
5057.9 6.5
5064.4 6.5
5070.9 6.5
5077.4 6.5
5083.9 6.5
5090.4 6.5
5096.9 6.5
5103.4 6.5
5114.9 11.5
5131.4 16.5
5152.9 21.5
5179.4 26.5
5210.9 31.5
5247.4 36.5
5288.4 41.0
5329.3 40.9
5370.1 40.8
5410.8 40.7
5451.4 40.6
5491.9 40.5
5532.3 40.4
5572.6 40.3
5612.8 40.2
5652.9 40.1
5692.9 40.0
5732.8 39.9
5772.6 39.8
5812.3 39.7
5851.9 39.6
5891.4 39.5
5930.8 39.4
5970.1 39.3
6009.3 39.2
6048.4 39.1
6087.4 39.0
6126.3 38.9
6165.1 38.8
6203.8 38.7
6242.4 38.6
6280.9 38.5
6319.3 38.4
6357.6 38.3
6395.8 38.2
6433.9 38.1
6471.9 38.0
6509.8 37.9
6547.6 37.8
6585.3 37.7
6622.9 37.6
6660.4 37.5
6697.8 37.4
6735.1 37.3
6772.3 37.2
6809.4 37.1
6846.4 37.0
6883.3 36.9
6915.2 31.9
6942.1 26.9
6964.0 21.9
6980.9 16.9
7002.8 21.9
7019.7 16.9
7031.6 11.9
7038.5 6.9
7045.4 6.9
7052.3 6.9
7059.2 6.9
7066.1 6.9
7073.0 6.9
7079.9 6.9
7086.8 6.9
7093.7 6.9
7100.6 6.9
7112.5 11.9
7129.4 16.9
7151.3 21.9
7178.2 26.9
7210.1 31.9
7246.7 36.6
7283.2 36.5
7319.6 36.4
7355.9 36.3
7392.1 36.2
7428.2 36.1
7464.2 36.0
7500.1 35.9
7535.9 35.8
7571.6 35.7
7607.2 35.6
7642.7 35.5
7678.1 35.4
7713.4 35.3
7748.6 35.2
7783.7 35.1
7818.7 35.0
7853.6 34.9
7888.4 34.8
7923.1 34.7
7952.8 29.7
7977.5 24.7
7997.2 19.7
8011.9 14.7
8021.6 9.7
8031.3 9.7
8041.0 9.7
8050.7 9.7
8060.4 9.7
8070.1 9.7
8079.8 9.7
8089.5 9.7
8099.2 9.7
8108.9 9.7
8123.6 14.7
8143.3 19.7
8168.0 24.7
8197.7 29.7
8232.1 34.4
8266.4 34.3
8300.6 34.2
8334.7 34.1
8368.7 34.0
8402.6 33.9
8436.4 33.8
8470.1 33.7
8503.7 33.6
8537.2 33.5
8570.6 33.4
8603.9 33.3
8637.1 33.2
8670.2 33.1
8703.2 33.0
8736.1 32.9
8768.9 32.8
8801.6 32.7
8834.2 32.6
8866.7 32.5
8899.1 32.4
8931.4 32.3
8963.6 32.2
8995.7 32.1
