0 0
5 5
15 10
30 15
50 20
75 25
105 30
140 35
179.0 39.0
217.0 38.0
254.0 37.0
290.0 36.0
325.0 35.0
359.0 34.0
392.0 33.0
424.0 32.0
455.0 31.0
485.0 30.0
515.0 30
545.0 30
575.0 30
605.0 30
635.0 30
665.0 30
695.0 30
725.0 30
755.0 30
785.0 30
815.0 30
845.0 30
875.0 30
905.0 30
935.0 30
960.0 25
980.0 20
995.0 15
1005.0 10
1015.0 10
1025.0 10
1035.0 10
1045.0 10
1055.0 10
1065.0 10
1075.0 10
1085.0 10
1095.0 10
1105.0 10
1120.0 15
1140.0 20
1165.0 25
1195.0 30
1225.0 30
1255.0 30
1285.0 30
1315.0 30
1345.0 30
1375.0 30
1405.0 30
1435.0 30
1465.0 30
1495.0 30
1525.0 30
1555.0 30
1585.0 30
1615.0 30
1645.0 30
1675.0 30
1705.0 30
1735.0 30
1765.0 30
1795.0 30
1825.0 30
1855.0 30
1885.0 30
1915.0 30
1945.0 30
1970.0 25
1990.0 20
2005.0 15
2015.0 10
2025.0 10
2035.0 10
2045.0 10
2055.0 10
2065.0 10
2075.0 10
2085.0 10
2095.0 10
2105.0 10
2120.0 15
2140.0 20
2165.0 25
2195.0 30
2225.0 30
2255.0 30
2285.0 30
2315.0 30
2345.0 30
2375.0 30
2405.0 30
2435.0 30
2465.0 30
2495.0 30
2525.0 30
2555.0 30
2585.0 30
2615.0 30
2645.0 30
2675.0 30
2705.0 30
2735.0 30
2765.0 30
2795.0 30
2825.0 30
2855.0 30
2885.0 30
2915.0 30
2945.0 30
2975.0 30
3005.0 30
3035.0 30
3065.0 30
3095.0 30
3125.0 30
3155.0 30
3185.0 30
3215.0 30
3245.0 30
3275.0 30
3305.0 30
3335.0 30
3365.0 30
3395.0 30
3425.0 30
3455.0 30
3485.0 30
3515.0 30
3545.0 30
3575.0 30
3605.0 30
3635.0 30
3665.0 30
3695.0 30
3725.0 30
3755.0 30
3785.0 30
3815.0 30
3845.0 30
3875.0 30
3905.0 30
3935.0 30
3960.0 25
3980.0 20
3995.0 15
4005.0 10
4015.0 10
4025.0 10
4035.0 10
4045.0 10
4055.0 10
4065.0 10
4075.0 10
4085.0 10
4095.0 10
4105.0 10
4120.0 15
4140.0 20
4165.0 25
4195.0 30
4225.0 30
4255.0 30
4285.0 30
4315.0 30
4345.0 30
4375.0 30
4405.0 30
4435.0 30
4465.0 30
4495.0 30
4525.0 30
4555.0 30
4585.0 30
4615.0 30
4645.0 30
4675.0 30
4705.0 30
4735.0 30
4765.0 30
4795.0 30
4825.0 30
4855.0 30
4885.0 30
4915.0 30
4945.0 30
4970.0 25
4990.0 20
5005.0 15
5015.0 10
5025.0 10
5035.0 10
5045.0 10
5055.0 10
5065.0 10
5075.0 10
5085.0 10
5095.0 10
5105.0 10
5120.0 15
5140.0 20
5165.0 25
5195.0 30
5225.0 30
5255.0 30
5285.0 30
5315.0 30
5345.0 30
5375.0 30
5405.0 30
5435.0 30
5465.0 30
5495.0 30
5525.0 30
5555.0 30
5585.0 30
5615.0 30
5645.0 30
5675.0 30
5705.0 30
5735.0 30
5765.0 30
5795.0 30
5825.0 30
5855.0 30
5885.0 30
5915.0 30
5945.0 30
5975.0 30
6005.0 30
6035.0 30
6065.0 30
6095.0 30
6125.0 30
6155.0 30
6185.0 30
6215.0 30
6245.0 30
6275.0 30
6305.0 30
6335.0 30
6365.0 30
6395.0 30
6425.0 30
6455.0 30
6485.0 30
6515.0 30
6545.0 30
6575.0 30
6605.0 30
6635.0 30
6665.0 30
6695.0 30
6725.0 30
6755.0 30
6785.0 30
6815.0 30
6845.0 30
6875.0 30
6905.0 30
6935.0 30
6960.0 25
6980.0 20
6995.0 15
7005.0 10
7015.0 10
7025.0 10
7035.0 10
7045.0 10
7055.0 10
7065.0 10
7075.0 10
7085.0 10
7095.0 10
7105.0 10
7120.0 15
7140.0 20
7165.0 25
7195.0 30
7225.0 30
7255.0 30
7285.0 30
7315.0 30
7345.0 30
7375.0 30
7405.0 30
7435.0 30
7465.0 30
7495.0 30
7525.0 30
7555.0 30
7585.0 30
7615.0 30
7645.0 30
7675.0 30
7705.0 30
7735.0 30
7765.0 30
7795.0 30
7825.0 30
7855.0 30
7885.0 30
7915.0 30
7945.0 30
7970.0 25
7990.0 20
8005.0 15
8015.0 10
8025.0 10
8035.0 10
8045.0 10
8055.0 10
8065.0 10
8075.0 10
8085.0 10
8095.0 10
8105.0 10
8120.0 15
8140.0 20
8165.0 25
8195.0 30
8225.0 30
8255.0 30
8285.0 30
8315.0 30
8345.0 30
8375.0 30
8405.0 30
8435.0 30
8465.0 30
8495.0 30
8525.0 30
8555.0 30
8585.0 30
8615.0 30
8645.0 30
8675.0 30
8705.0 30
8735.0 30
8765.0 30
8795.0 30
8825.0 30
8855.0 30
8885.0 30
8915.0 30
8945.0 30
8975.0 30
