0 0
5 5
15 10
30 15
50 20
75 25
105 30
140 35
180 40
225 45
273.0 48.0
320.0 47.0
366.0 46.0
411.0 45.0
455.0 44.0
498.0 43.0
540.0 42.0
581.0 41.0
621.0 40.0
660.0 39.0
698.0 38.0
735.0 37.0
771.0 36.0
806.0 35.0
840.0 34.0
873.0 33.0
905.0 32.0
936.0 31.0
962.0 26.0
983.0 21.0
999.0 16.0
1010.0 11.0
1016.0 6.0
1022.0 6.0
1028.0 6.0
1034.0 6.0
1040.0 6.0
1046.0 6.0
1052.0 6.0
1058.0 6.0
1064.0 6.0
1070.0 6.0
1076.0 6.0
1082.0 6.0
1088.0 6.0
1094.0 6.0
1100.0 6.0
1111.0 11.0
1127.0 16.0
1148.0 21.0
1174.0 26.0
1204.0 30
1234.0 30
1264.0 30
1294.0 30
1324.0 30
1354.0 30
1384.0 30
1414.0 30
1444.0 30
1474.0 30
1504.0 30
1534.0 30
1564.0 30
1594.0 30
1624.0 30
1654.0 30
1684.0 30
1714.0 30
1744.0 30
1774.0 30
1804.0 30
1834.0 30
1864.0 30
1894.0 30
1924.0 30
1949.0 25
1969.0 20
1994.0 25
2014.0 20
2029.0 15
2039.0 10
2049.0 10
2059.0 10
2069.0 10
2079.0 10
2089.0 10
2099.0 10
2109.0 10
2124.0 15
2144.0 20
2169.0 25
2199.0 30
2229.0 30
2259.0 30
2289.0 30
2319.0 30
2349.0 30
2379.0 30
2409.0 30
2439.0 30
2469.0 30
2499.0 30
2529.0 30
2559.0 30
2589.0 30
2619.0 30
2649.0 30
2679.0 30
2709.0 30
2739.0 30
2769.0 30
2799.0 30
2829.0 30
2859.0 30
2889.0 30
2919.0 30
2949.0 30
2979.0 30
3009.0 30
3039.0 30
3069.0 30
3099.0 30
3129.0 30
3159.0 30
3189.0 30
3219.0 30
3249.0 30
3279.0 30
3309.0 30
3339.0 30
3369.0 30
3399.0 30
3429.0 30
3459.0 30
3489.0 30
3519.0 30
3549.0 30
3579.0 30
3609.0 30
3639.0 30
3669.0 30
3699.0 30
3729.0 30
3759.0 30
3789.0 30
3819.0 30
3849.0 30
3879.0 30
3909.0 30
3939.0 30
3964.0 25
3984.0 20
3999.0 15
4009.0 10
4019.0 10
4029.0 10
4039.0 10
4049.0 10
4059.0 10
4069.0 10
4079.0 10
4089.0 10
4099.0 10
4109.0 10
4124.0 15
4144.0 20
4169.0 25
4199.0 30
4229.0 30
4259.0 30
4289.0 30
4319.0 30
4349.0 30
4379.0 30
4409.0 30
4439.0 30
4469.0 30
4499.0 30
4529.0 30
4559.0 30
4589.0 30
4619.0 30
4649.0 30
4679.0 30
4709.0 30
4739.0 30
4769.0 30
4799.0 30
4829.0 30
4859.0 30
4889.0 30
4919.0 30
4949.0 30
4974.0 25
4994.0 20
5009.0 15
5019.0 10
5029.0 10
5039.0 10
5049.0 10
5059.0 10
5069.0 10
5079.0 10
5089.0 10
5099.0 10
5109.0 10
5124.0 15
5144.0 20
5169.0 25
5199.0 30
5229.0 30
5259.0 30
5289.0 30
5319.0 30
5349.0 30
5379.0 30
5409.0 30
5439.0 30
5469.0 30
5499.0 30
5529.0 30
5559.0 30
5589.0 30
5619.0 30
5649.0 30
5679.0 30
5709.0 30
5739.0 30
5769.0 30
5799.0 30
5829.0 30
5859.0 30
5889.0 30
5919.0 30
5949.0 30
5979.0 30
6009.0 30
6039.0 30
6069.0 30
6099.0 30
6129.0 30
6159.0 30
6189.0 30
6219.0 30
6249.0 30
6279.0 30
6309.0 30
6339.0 30
6369.0 30
6399.0 30
6429.0 30
6459.0 30
6489.0 30
6519.0 30
6549.0 30
6579.0 30
6609.0 30
6639.0 30
6669.0 30
6699.0 30
6729.0 30
6759.0 30
6789.0 30
6819.0 30
6849.0 30
6879.0 30
6909.0 30
6939.0 30
6964.0 25
6984.0 20
6999.0 15
7009.0 10
7019.0 10
7029.0 10
7039.0 10
7049.0 10
7059.0 10
7069.0 10
7079.0 10
7089.0 10
7099.0 10
7109.0 10
7124.0 15
7144.0 20
7169.0 25
7199.0 30
7229.0 30
7259.0 30
7289.0 30
7319.0 30
7349.0 30
7379.0 30
7409.0 30
7439.0 30
7469.0 30
7499.0 30
7529.0 30
7559.0 30
7589.0 30
7619.0 30
7649.0 30
7679.0 30
7709.0 30
7739.0 30
7769.0 30
7799.0 30
7829.0 30
7859.0 30
7889.0 30
7919.0 30
7949.0 30
7974.0 25
7994.0 20
8009.0 15
8019.0 10
8029.0 10
8039.0 10
8049.0 10
8059.0 10
8069.0 10
8079.0 10
8089.0 10
8099.0 10
8109.0 10
8124.0 15
8144.0 20
8169.0 25
8199.0 30
8229.0 30
8259.0 30
8289.0 30
8319.0 30
8349.0 30
8379.0 30
8409.0 30
8439.0 30
8469.0 30
8499.0 30
8529.0 30
8559.0 30
8589.0 30
8619.0 30
8649.0 30
8679.0 30
8709.0 30
8739.0 30
8769.0 30
8799.0 30
8829.0 30
8859.0 30
8889.0 30
8919.0 30
8949.0 30
8979.0 30
