0 0
5 5
15 10
30 15
50 20
75 25
105 30
140 35
179.9 39.9
219.7 39.8
259.4 39.7
299.0 39.6
338.5 39.5
377.9 39.4
417.2 39.3
456.4 39.2
495.5 39.1
534.5 39.0
573.4 38.9
612.2 38.8
650.9 38.7
689.5 38.6
728.0 38.5
766.4 38.4
804.7 38.3
842.9 38.2
881.0 38.1
914.1 33.1
942.2 28.1
965.3 23.1
983.4 18.1
996.5 13.1
1004.6 8.1
1012.7 8.1
1020.8 8.1
1028.9 8.1
1037.0 8.1
1045.1 8.1
1053.2 8.1
1061.3 8.1
1069.4 8.1
1077.5 8.1
1085.6 8.1
1093.7 8.1
1101.8 8.1
1114.9 13.1
1133.0 18.1
1156.1 23.1
1184.2 28.1
1217.3 33.1
1255.1 37.8
1292.8 37.7
1330.4 37.6
1367.9 37.5
1405.3 37.4
1442.6 37.3
1479.8 37.2
1516.9 37.1
1553.9 37.0
1590.8 36.9
1627.6 36.8
1664.3 36.7
1700.9 36.6
1737.4 36.5
1773.8 36.4
1810.1 36.3
1846.3 36.2
1882.4 36.1
1913.5 31.1
1939.6 26.1
1970.7 31.1
1996.8 26.1
2017.9 21.1
2034.0 16.1
2045.1 11.1
2051.2 6.1
2057.3 6.1
2063.4 6.1
2069.5 6.1
2075.6 6.1
2081.7 6.1
2087.8 6.1
2093.9 6.1
2100.0 6.1
2106.1 6.1
2117.2 11.1
2133.3 16.1
2154.4 21.1
2180.5 26.1
2211.6 31.1
2247.3 35.7
2282.9 35.6
2318.4 35.5
2353.8 35.4
2389.1 35.3
2424.3 35.2
2459.4 35.1
2494.4 35.0
2529.3 34.9
2564.1 34.8
2598.8 34.7
2633.4 34.6
2667.9 34.5
2702.3 34.4
2736.6 34.3
2770.8 34.2
2804.9 34.1
2838.9 34.0
2872.8 33.9
2906.6 33.8
2940.3 33.7
2973.9 33.6
3007.4 33.5
3040.8 33.4
3074.1 33.3
3107.3 33.2
3140.4 33.1
3173.4 33.0
3206.3 32.9
3239.1 32.8
3271.8 32.7
3304.4 32.6
3336.9 32.5
3369.3 32.4
3401.6 32.3
3433.8 32.2
3465.9 32.1
3497.9 32.0
3529.8 31.9
3561.6 31.8
3593.3 31.7
3624.9 31.6
3656.4 31.5
3687.8 31.4
3719.1 31.3
3750.3 31.2
3781.4 31.1
3812.4 31.0
3843.3 30.9
3874.1 30.8
3904.8 30.7
3935.4 30.6
3961.0 25.6
3981.6 20.6
3997.2 15.6
4007.8 10.6
4013.4 5.6
4019.0 5.6
4024.6 5.6
4030.2 5.6
4035.8 5.6
4041.4 5.6
4047.0 5.6
4052.6 5.6
4058.2 5.6
4063.8 5.6
4069.4 5.6
4075.0 5.6
4080.6 5.6
4086.2 5.6
4091.8 5.6
4097.4 5.6
4103.0 5.6
4113.6 10.6
4129.2 15.6
4149.8 20.6
4175.4 25.6
4205.7 30.3
4235.9 30.2
4266.0 30.1
4296.0 30
4326.0 30
4356.0 30
4386.0 30
4416.0 30
4446.0 30
4476.0 30
4506.0 30
4536.0 30
4566.0 30
4596.0 30
4626.0 30
4656.0 30
4686.0 30
4716.0 30
4746.0 30
4776.0 30
4806.0 30
4836.0 30
4866.0 30
4896.0 30
4926.0 30
4951.0 25
4971.0 20
4986.0 15
5006.0 20
5021.0 15
5031.0 10
5041.0 10
5051.0 10
5061.0 10
5071.0 10
5081.0 10
5091.0 10
5101.0 10
5116.0 15
5136.0 20
5161.0 25
5191.0 30
5221.0 30
5251.0 30
5281.0 30
5311.0 30
5341.0 30
5371.0 30
5401.0 30
5431.0 30
5461.0 30
5491.0 30
5521.0 30
5551.0 30
5581.0 30
5611.0 30
5641.0 30
5671.0 30
5701.0 30
5731.0 30
5761.0 30
5791.0 30
5821.0 30
5851.0 30
5881.0 30
5911.0 30
5941.0 30
5971.0 30
6001.0 30
6031.0 30
6061.0 30
6091.0 30
6121.0 30
6151.0 30
6181.0 30
6211.0 30
6241.0 30
6271.0 30
6301.0 30
6331.0 30
6361.0 30
6391.0 30
6421.0 30
6451.0 30
6481.0 30
6511.0 30
6541.0 30
6571.0 30
6601.0 30
6631.0 30
6661.0 30
6691.0 30
6721.0 30
6751.0 30
6781.0 30
6811.0 30
6841.0 30
6871.0 30
6901.0 30
6931.0 30
6956.0 25
6976.0 20
6991.0 15
7001.0 10
7011.0 10
7021.0 10
7031.0 10
7041.0 10
7051.0 10
7061.0 10
7071.0 10
7081.0 10
7091.0 10
7101.0 10
7116.0 15
7136.0 20
7161.0 25
7191.0 30
7221.0 30
7251.0 30
7281.0 30
7311.0 30
7341.0 30
7371.0 30
7401.0 30
7431.0 30
7461.0 30
7491.0 30
7521.0 30
7551.0 30
7581.0 30
7611.0 30
7641.0 30
7671.0 30
7701.0 30
7731.0 30
7761.0 30
7791.0 30
7821.0 30
7851.0 30
7881.0 30
7911.0 30
7941.0 30
7966.0 25
7986.0 20
8001.0 15
8011.0 10
8021.0 10
8031.0 10
8041.0 10
8051.0 10
8061.0 10
8071.0 10
8081.0 10
8091.0 10
8101.0 10
8116.0 15
8136.0 20
8161.0 25
8191.0 30
8221.0 30
8251.0 30
8281.0 30
8311.0 30
8341.0 30
8371.0 30
8401.0 30
8431.0 30
8461.0 30
8491.0 30
8521.0 30
8551.0 30
8581.0 30
8611.0 30
8641.0 30
8671.0 30
8701.0 30
8731.0 30
8761.0 30
8791.0 30
8821.0 30
8851.0 30
8881.0 30
8911.0 30
8941.0 30
8971.0 30
