Panezio		 340 -2 2 0
[[[0, [0.0, (202, 688), 0.98299999999999998]]], [[0, [1.0, (214, 688), 0.0]]]]
Panezio		 1 -2 3 0
[[[0, [2.0, (219, 694), 0.89605538457134393], [2.5, (223, 699), 0.89605538457134393]]]]
Panezio		 4 -2 4 0
[[[0, [3.0, (227, 704), 0.94200004037946361], [3.3333333333333335, (231, 710), 0.89605538457134393], [3.6666666666666665, (235, 715), 0.89605538457134393]]]]
Panezio		 8 -2 5 0
[[[0, [4.0, (239, 719), 0.78539816339744828], [4.25, (243, 724), 0.72664234068172562], [4.5, (248, 728), 0.78539816339744828], [4.75, (252, 732), 0.78539816339744828]]]]
Panezio		 13 -1 6 0
[[[0, [5.0, (256, 736), 1.0899090465995609], [5.2000000000000002, (260, 740), 1.1722738811284763], [5.4000000000000004, (258, 752), 0.61072596438920856], [5.5999999999999996, (263, 755), 0.67474094222355263], [5.7999999999999998, (268, 759), 0.67474094222355263]]]]
Panezio		 19 -1 7 0
[[[0, [6.0, (273, 762), 0.50709850439233695], [6.166666666666667, (278, 765), 0.49934672168013011], [6.333333333333333, (283, 768), 0.48689923181126904], [6.5, (289, 771), 0.49934672168013011], [6.666666666666667, (294, 774), 0.46364760900080609], [6.833333333333333, (300, 777), 0.46364760900080609]]]]
Panezio		 26 -2 8 0
[[[0, [7.0, (310, 771), 0.37089128881266237], [7.1428571428571432, (316, 773), 0.3805063771123649], [7.2857142857142856, (322, 776), 0.35877067027057225], [7.4285714285714288, (328, 778), 0.37089128881266237], [7.5714285714285712, (334, 780), 0.39479111969976149], [7.7142857142857144, (340, 783), 0.32175055439664219], [7.8571428571428568, (346, 785), 0.32175055439664219]]]]
Panezio		 34 -3 9 0
[[[0, [8.0, (353, 787), 0.041642579098588421], [8.125, (362, 779), 0.2510026866430346], [8.25, (368, 781), 0.23783592745745075], [8.375, (374, 783), 0.21866894587394195], [8.5, (381, 784), 0.24497866312686414], [8.625, (387, 786), 0.21109333322274654], [8.75, (394, 787), 0.27829965900511133], [8.875, (401, 789), 0.27829965900511133]]]]
Panezio		 43 -3 10 0
[[[0, [9.0, (408, 790), 0.10134650326566776], [9.1111111111111107, (415, 791), 0.095859147110013185], [9.2222222222222214, (422, 792), 0.088655881867437461], [9.3333333333333339, (429, 793), 0.078783960989143795], [9.4444444444444446, (436, 794), 0.06442683942555355], [9.5555555555555554, (444, 795), 0.043450895391530839], [9.6666666666666661, (451, 795), 0.06241880999595735], [9.7777777777777786, (459, 796), 0.0], [9.8888888888888893, (467, 796), 0.0]]]]
Panezio		 53 -2 11 0
[[[0, [10.0, (475, 797), 0.10352467451054435], [10.1, (483, 797), 0.11542666036692471], [10.199999999999999, (491, 807), -0.032775144404075772], [10.300000000000001, (500, 807), -0.038442590021187981], [10.4, (508, 807), -0.045423279421577013], [10.5, (517, 807), -0.057080782406264602], [10.6, (525, 806), -0.037020115873930025], [10.699999999999999, (534, 806), -0.055498505245716832], [10.800000000000001, (543, 805), 0.0], [10.9, (552, 805), 0.0]]]]
Panezio		 64 -2 12 0
[[[0, [11.0, (560, 804), -0.13402320158006337], [11.090909090909092, (569, 803), -0.1366431624910871], [11.181818181818182, (578, 802), -0.13992467057411775], [11.272727272727273, (587, 801), -0.14415438711315431], [11.363636363636363, (596, 800), -0.14981245657289735], [11.454545454545455, (605, 799), -0.15776873759595397], [11.545454545454545, (614, 798), -0.16977827396833844], [11.636363636363637, (623, 797), -0.18998828791871572], [11.727272727272727, (632, 795), -0.17467219900823969], [11.818181818181818, (640, 794), -0.21866894587394195], [11.909090909090908, (649, 792), -0.21866894587394195]]]]
Panezio		 76 0 13 0
[[[0, [12.0, (658, 790), -0.06241880999595735], [12.083333333333334, (669, 798), -0.16324028278483738], [12.166666666666666, (677, 796), -0.15460054543120083], [12.25, (686, 794), -0.14601225771127541], [12.333333333333334, (694, 792), -0.13255153229667402], [12.416666666666666, (703, 790), -0.11710874456686428], [12.5, (714, 797), -0.3142318990843383], [12.583333333333334, (722, 795), -0.3310960767041321], [12.666666666666666, (730, 792), -0.32175055439664219], [12.75, (738, 790), -0.35877067027057225], [12.833333333333334, (746, 787), -0.35877067027057225], [12.916666666666666, (754, 784), -0.35877067027057225]]]]
Panezio		 89 0 14 0
[[[0, [13.0, (762, 782), -0.47335604183491503], [13.076923076923077, (770, 779), -0.48503472185253577], [13.153846153846153, (777, 776), -0.49305089720481121], [13.23076923076923, (784, 772), -0.48995732625372829], [13.307692307692308, (791, 769), -0.5006677248747361], [13.384615384615385, (798, 766), -0.5144513130590278], [13.461538461538462, (805, 762), -0.51360600472274887], [13.538461538461538, (812, 759), -0.5358112379604637], [13.615384615384615, (819, 755), -0.54041950027058416], [13.692307692307692, (825, 752), -0.56331626149196812], [13.76923076923077, (832, 748), -0.5880026035475675], [13.846153846153847, (838, 744), -0.5880026035475675], [13.923076923076923, (844, 740), -0.5880026035475675]]]]
Panezio		 103 0 15 0
[[[0, [14.0, (850, 736), -0.70862627212767026], [14.071428571428571, (856, 732), -0.71882999962162453], [14.142857142857142, (862, 728), -0.73090670715671713], [14.214285714285714, (868, 724), -0.74541947627415828], [14.285714285714286, (873, 719), -0.74098294815053745], [14.357142857142858, (879, 715), -0.76040336977852818], [14.428571428571429, (884, 710), -0.75683450555868836], [14.5, (889, 706), -0.76900618908944307], [14.571428571428571, (895, 701), -0.78539816339744828], [14.642857142857142, (900, 696), -0.78539816339744828], [14.714285714285714, (905, 691), -0.78539816339744828], [14.785714285714286, (910, 686), -0.78539816339744828], [14.857142857142858, (915, 681), -0.78539816339744828], [14.928571428571429, (920, 676), -0.78539816339744828]]]]
Panezio		 118 -1 16 0
[[[0, [15.0, (924, 671), -1.0552473193359175], [15.066666666666666, (929, 665), -1.0697829399913072], [15.133333333333333, (934, 660), -1.0920744827991311], [15.199999999999999, (938, 654), -1.1016842913096028], [15.266666666666667, (943, 649), -1.1309537439791604], [15.333333333333334, (947, 643), -1.1466019188911301], [15.4, (952, 637), -1.1810877554520309], [15.466666666666667, (956, 631), -1.2076493168487203], [15.533333333333333, (960, 625), -1.2422431562434455], [15.6, (956, 613), -1.034985088834433], [15.666666666666666, (960, 607), -1.0475180046629211], [15.733333333333333, (964, 601), -1.0679531158670359], [15.800000000000001, (968, 594), -1.0768549578753155], [15.866666666666667, (971, 588), -1.0516502125483738], [15.933333333333334, (975, 581), -1.0516502125483738]]]]
Panezio		 134 -3 17 0
[[[0, [16.0, (979, 575), -1.3174321159887579], [16.0625, (973, 564), -1.2372120052951034], [16.125, (977, 557), -1.2522406497068295], [16.1875, (980, 550), -1.2594260223969949], [16.25, (984, 544), -1.2827408797442708], [16.3125, (987, 537), -1.2942823801774226], [16.375, (990, 530), -1.3083369269686203], [16.4375, (993, 523), -1.3258176636680326], [16.5, (987, 512), -1.1659045405098132], [16.5625, (990, 505), -1.1659045405098132], [16.625, (993, 498), -1.1659045405098132], [16.6875, (996, 491), -1.1659045405098132], [16.75, (999, 484), -1.1659045405098132], [16.8125, (1002, 477), -1.1659045405098132], [16.875, (1005, 470), -1.1659045405098132], [16.9375, (1008, 463), -1.1659045405098132]]]]
Panezio		 151 -3 16 0
[[[0, [17.0, (1010, 456), -1.3602867646675405], [17.058823529411764, (1013, 448), -1.371637100343323], [17.117647058823529, (1015, 441), -1.3771743339389513], [17.176470588235293, (1017, 434), -1.3835424070614137], [17.235294117647058, (1020, 427), -1.4019644247837759], [17.294117647058822, (1022, 419), -1.4097044222573161], [17.352941176470587, (1024, 412), -1.4212365869211934], [17.411764705882351, (1026, 405), -1.4352686128093959], [17.470588235294116, (1028, 397), -1.4506875912279837], [17.529411764705884, (1029, 390), -1.4536875822280324], [17.588235294117649, (1031, 383), -1.4801364395941514], [17.647058823529413, (1032, 376), -1.489892227639666], [17.705882352941178, (1033, 368), -1.501939837493852], [17.764705882352942, (1034, 361), -1.5253730473733196], [17.823529411764707, (1034, 354), -1.5042281630190728], [17.882352941176471, (1035, 347), -1.5707963267948966], [17.941176470588236, (1035, 339), -1.5707963267948966]]]]
Panezio		 167 0 15 0
[[[0, [18.0, (1035, 332), -1.6238438565563678], [18.0625, (1045, 324), -1.7220140169413374], [18.125, (1045, 317), -1.7326337580333195], [18.1875, (1044, 310), -1.7341624749031725], [18.25, (1043, 303), -1.7359450042095235], [18.3125, (1041, 295), -1.727398203776912], [18.375, (1040, 288), -1.7288862979165824], [18.4375, (1048, 278), -1.8823431536975845], [18.5, (1045, 271), -1.8692952583810758], [18.5625, (1043, 264), -1.8724153730611364], [18.625, (1040, 257), -1.8525681940682488], [18.6875, (1046, 246), -2.1327178890517118], [18.75, (1042, 239), -2.1471715473860802], [18.8125, (1038, 232), -2.1763409903998667], [18.875, (1034, 225), -2.2655346029915999], [18.9375, (1029, 219), -2.2655346029915999]]]]
Panezio		 182 -4 16 0
[[[0, [19.0, (1016, 220), -2.9217975820657607], [19.066666666666666, (1004, 221), -2.8794728123243205], [19.133333333333333, (1000, 216), -2.9269997720985699], [19.199999999999999, (988, 220), -2.8335398725660168], [19.266666666666666, (983, 215), -2.8850760409454699], [19.333333333333332, (978, 212), -2.9134900253098506], [19.399999999999999, (973, 208), -2.9669204545815537], [19.466666666666665, (963, 214), -2.7908647053415896], [19.533333333333335, (958, 211), -2.819842099193151], [19.600000000000001, (952, 209), -2.819842099193151], [19.666666666666668, (947, 206), -2.8685839505030826], [19.733333333333334, (941, 204), -2.8842689386187046], [19.800000000000001, (935, 202), -2.9147938055359073], [19.866666666666667, (929, 201), -2.8632929945846817], [19.933333333333334, (922, 199), -2.8632929945846817]]]]
Panezio		 198 -4 17 0
[[[0, [20.0, (916, 198), 3.0903554861863745], [20.0625, (909, 198), 3.0871011973490621], [20.125, (902, 197), 3.0737358307334892], [20.1875, (895, 196), 3.0584514217013519], [20.25, (887, 196), 3.0509327663890482], [20.3125, (880, 196), 3.0431464943771602], [20.375, (872, 197), 3.0459945349259527], [20.4375, (864, 197), 3.0343137979413903], [20.5, (857, 197), 3.0214839180228803], [20.5625, (849, 198), 3.0221637275714546], [20.625, (840, 199), 3.0202406530190298], [20.6875, (832, 200), 3.0209689850096906], [20.75, (824, 201), 3.0221637275714546], [20.8125, (816, 202), 3.024483909022929], [20.875, (807, 203), 3.0172376590430319], [20.9375, (799, 204), 3.0172376590430319]]]]
Panezio		 215 0 18 0
[[[0, [21.0, (789, 195), 3.1415926535897931], [21.058823529411764, (780, 196), -3.1337803125296921], [21.117647058823529, (772, 197), -3.1249275298758525], [21.176470588235293, (763, 198), -3.1145722044025286], [21.235294117647058, (755, 199), -3.1027772075083297], [21.294117647058822, (746, 200), -3.0884512447448578], [21.352941176470587, (737, 201), -3.0711213090109974], [21.411764705882351, (728, 191), 3.0890095919788516], [21.470588235294116, (720, 192), 3.0975035961917214], [21.529411764705884, (711, 193), 3.1077073236856756], [21.588235294117649, (703, 193), 3.1023970516627384], [21.647058823529413, (694, 194), 3.1177876274047231], [21.705882352941178, (686, 194), 3.1121893653857882], [21.764705882352942, (677, 194), 3.1016139664665032], [21.823529411764707, (669, 195), 3.1415926535897931], [21.882352941176471, (661, 195), 3.1415926535897931], [21.941176470588236, (652, 195), 3.1415926535897931]]]]
Panezio		 233 0 19 0
[[[0, [22.0, (644, 195), -3.1272051572008674], [22.055555555555557, (636, 195), -3.1263266640430132], [22.111111111111111, (628, 195), -3.1253339237846638], [22.166666666666668, (619, 195), -3.1240505935323908], [22.222222222222221, (611, 195), -3.1227269675681226], [22.277777777777779, (603, 195), -3.1211873229032552], [22.333333333333332, (594, 195), -3.1191245250039676], [22.388888888888889, (586, 194), -3.1292476017455688], [22.444444444444443, (578, 194), -3.1278948802169273], [22.5, (570, 194), -3.1262092518091982], [22.555555555555557, (562, 194), -3.1240505935323908], [22.611111111111111, (553, 194), -3.1207623335535764], [22.666666666666668, (545, 194), -3.1165978599708732], [22.722222222222221, (537, 194), -3.110352820159525], [22.777777777777779, (529, 193), 3.1415926535897931], [22.833333333333332, (521, 193), 3.1415926535897931], [22.888888888888889, (513, 193), 3.1415926535897931], [22.944444444444443, (505, 193), 3.1415926535897931]]]]
Panezio		 252 0 20 0
[[[0, [23.0, (496, 193), -3.1348813449584707], [23.05263157894737, (488, 193), -3.1345005739154734], [23.105263157894736, (480, 193), -3.1340739982774894], [23.157894736842106, (472, 193), -3.1335928242499067], [23.210526315789473, (464, 193), -3.1330458531571819], [23.263157894736842, (456, 192), 3.1415926535897931], [23.315789473684209, (448, 192), 3.1415926535897931], [23.368421052631579, (440, 192), 3.1415926535897931], [23.421052631578949, (431, 192), 3.1415926535897931], [23.473684210526315, (423, 192), 3.1415926535897931], [23.526315789473685, (415, 192), 3.1415926535897931], [23.578947368421051, (406, 192), 3.1415926535897931], [23.631578947368421, (398, 192), 3.1415926535897931], [23.684210526315791, (390, 192), 3.1415926535897931], [23.736842105263158, (381, 192), 3.1415926535897931], [23.789473684210527, (373, 192), 3.1415926535897931], [23.842105263157894, (364, 192), 3.1415926535897931], [23.894736842105264, (356, 192), 3.1415926535897931], [23.94736842105263, (347, 192), 3.1415926535897931]]]]
Panezio		 269 -2 18 0
[[[0, [24.0, (339, 192), 3.0681953276881817], [24.058823529411764, (330, 192), 3.0630146234049871], [24.117647058823529, (321, 192), 3.0570488980767951], [24.176470588235293, (313, 192), 3.0509327663890482], [24.235294117647058, (304, 192), 3.0429043929413866], [24.294117647058822, (295, 193), 3.0440768503022473], [24.352941176470587, (287, 193), 3.0348569809406576], [24.411764705882351, (278, 193), 3.0221637275714546], [24.470588235294116, (270, 194), 3.0227523090220281], [24.529411764705884, (261, 194), 3.0045264792796056], [24.588235294117649, (252, 195), 2.9996955989856291], [24.647058823529413, (244, 196), 2.9962826429540912], [24.705882352941178, (236, 197), 2.9912212255826587], [24.764705882352942, (227, 198), 2.9764439761751662], [24.823529411764707, (219, 199), 2.9562447035940984], [24.882352941176471, (211, 201), 3.0172376590430319], [24.941176470588236, (203, 202), 3.0172376590430319]]]]
Panezio		 287 0 17 0
[[[0, [25.0, (195, 204), 2.6841178056937682], [25.055555555555557, (187, 206), 2.6714091899430561], [25.111111111111111, (176, 199), 2.58542642346934], [25.166666666666668, (168, 202), 2.5717286500964747], [25.222222222222221, (160, 205), 2.5560231352653351], [25.277777777777779, (148, 199), 2.4480406164570825], [25.333333333333332, (139, 203), 2.4208524366163262], [25.388888888888889, (132, 207), 2.4030352031083146], [25.444444444444443, (124, 211), 2.3734341613868746], [25.5, (116, 216), 2.346486057358236], [25.555555555555557, (109, 221), 2.323239392578047], [25.611111111111111, (101, 227), 2.2913504626391381], [25.666666666666668, (95, 233), 2.2794225989225669], [25.722222222222221, (88, 239), 2.2413178847754458], [25.777777777777779, (82, 246), 2.2286849319771065], [25.833333333333332, (76, 253), 2.2035451617970798], [25.888888888888889, (70, 260), 2.129395642138459], [25.944444444444443, (65, 268), 2.129395642138459]]]]
Panezio		 304 -6 18 0
[[[0, [26.0, (69, 280), 1.2110893272099401], [26.058823529411764, (75, 292), 1.2235555438987857], [26.117647058823529, (81, 302), 1.2458912087297775], [26.176470588235293, (88, 312), 1.2847448850775784], [26.235294117647058, (96, 321), 1.3507346241613314], [26.294117647058822, (104, 328), 1.4410937896389846], [26.352941176470587, (103, 333), 1.4157995848709557], [26.411764705882351, (103, 339), 1.4000611153196139], [26.470588235294116, (103, 345), 1.380808038876181], [26.529411764705884, (103, 350), 1.3611564809206842], [26.588235294117649, (103, 356), 1.3315647268312361], [26.647058823529413, (104, 362), 1.3191063550367099], [26.705882352941178, (105, 369), 1.2924966677897853], [26.764705882352942, (107, 375), 1.3045442776439713], [26.823529411764707, (109, 382), 1.3101939350475555], [26.882352941176471, (111, 389), 1.3258176636680326], [26.941176470588236, (113, 397), 1.3258176636680326]]]]
Panezio		 322 -4 19 0
[[[0, [27.0, (116, 405), 1.2933715582052319], [27.055555555555557, (119, 412), 1.2998494764564761], [27.111111111111111, (122, 421), 1.3032911454678395], [27.166666666666668, (125, 429), 1.3092140235532641], [27.222222222222221, (129, 437), 1.3238413816559715], [27.277777777777779, (132, 445), 1.3321870042866957], [27.333333333333332, (135, 453), 1.3418713302792875], [27.388888888888889, (138, 462), 1.3510012552708641], [27.444444444444443, (142, 470), 1.3756378996782266], [27.5, (136, 482), 1.2694511030847926], [27.555555555555557, (139, 490), 1.2765617616837088], [27.611111111111111, (142, 498), 1.2856785916223006], [27.666666666666668, (146, 506), 1.3164282682416306], [27.722222222222221, (150, 514), 1.3597029935721501], [27.777777777777779, (153, 522), 1.396124127786657], [27.833333333333332, (158, 531), 1.5308176396716067], [27.888888888888889, (153, 545), 1.0714496051147666], [27.944444444444443, (159, 556), 1.0714496051147666]]]]
GIRO [2617, 2626, 0, 10, 20, 30, 41, 51, 61, 72, 84, 96, 108, 121, 134, 148, 162, 177, 191]
Panezio		 0 -2 20 1
[[[0, [28.0, (165, 569), 1.1630115881175067], [28.05263157894737, (171, 573), 1.1931430089883313], [28.105263157894736, (171, 582), 1.1659045405098132], [28.157894736842106, (175, 588), 1.177345688865961], [28.210526315789473, (179, 594), 1.1902899496825317], [28.263157894736842, (182, 601), 1.1921452351234192], [28.315789473684209, (177, 612), 1.0974402849599816], [28.368421052631579, (181, 619), 1.1018296190225747], [28.421052631578949, (184, 625), 1.1013684353504287], [28.473684210526315, (188, 632), 1.1071487177940904], [28.526315789473685, (192, 639), 1.1144478582377877], [28.578947368421051, (196, 645), 1.1319370278313901], [28.631578947368421, (201, 652), 1.1659045405098132], [28.684210526315791, (205, 658), 1.1999050379822342], [28.736842105263158, (209, 664), 1.2490457723982544], [28.789473684210527, (214, 670), 1.3654009376051293], [28.842105263157894, (218, 676), 1.5152978215491797], [28.894736842105264, (222, 682), 1.8157749899217608], [28.94736842105263, (219, 694), 1.8157749899217608]]]]
Panezio		 20 -1 21 1
[[[0, [29.0, (223, 699), 0.77320364594919644], [29.050000000000001, (227, 704), 0.76604574098199352], [29.100000000000001, (231, 710), 0.75092906239794033], [29.149999999999999, (235, 715), 0.74130910599937649], [29.199999999999999, (239, 719), 0.73855745048147869], [29.25, (243, 724), 0.72664234068172562], [29.300000000000001, (248, 728), 0.73090670715671713], [29.350000000000001, (252, 732), 0.72664234068172562], [29.399999999999999, (256, 736), 0.72165485086476122], [29.449999999999999, (260, 740), 0.71574358966888008], [29.5, (258, 752), 0.52807444842635964], [29.550000000000001, (263, 755), 0.52662727143375065], [29.600000000000001, (268, 759), 0.50486137165912637], [29.649999999999999, (273, 762), 0.49934672168013011], [29.699999999999999, (278, 765), 0.49180917598869855], [29.75, (283, 768), 0.48088728019533583], [29.800000000000001, (289, 771), 0.48689923181126904], [29.850000000000001, (294, 774), 0.46364760900080609], [29.899999999999999, (300, 777), 0.46364760900080609], [29.949999999999999, (306, 780), 0.46364760900080609]]]]
Panezio		 41 -3 22 1
[[[0, [30.0, (316, 773), 0.16154292381062482], [30.047619047619047, (322, 776), 0.14623542217978672], [30.095238095238095, (328, 778), 0.13734127746693392], [30.142857142857142, (334, 780), 0.12750955821523827], [30.19047619047619, (340, 783), 0.10768987083282068], [30.238095238095237, (346, 785), 0.09495170634275632], [30.285714285714285, (353, 787), 0.081452044305870983], [30.333333333333332, (362, 779), 0.17787526300607656], [30.38095238095238, (368, 781), 0.16710179993110566], [30.428571428571427, (374, 783), 0.15460054543120083], [30.476190476190474, (381, 784), 0.1558682013983225], [30.523809523809526, (387, 786), 0.13970887428916365], [30.571428571428573, (394, 787), 0.13944005709133772], [30.61904761904762, (401, 789), 0.11942892601833845], [30.666666666666668, (408, 790), 0.11575921772081071], [30.714285714285715, (415, 791), 0.11065722117389565], [30.761904761904763, (422, 792), 0.10308160852270024], [30.80952380952381, (429, 793), 0.09065988720074511], [30.857142857142858, (436, 794), 0.066568163775823808], [30.904761904761905, (444, 795), 0.0], [30.952380952380953, (451, 795), 0.0]]]]
Panezio		 63 -2 23 1
[[[0, [31.0, (459, 796), -0.011049274079368817], [31.045454545454547, (467, 796), -0.011560178655409776], [31.09090909090909, (475, 797), -0.018179815072978282], [31.136363636363637, (483, 797), -0.019105955118440831], [31.181818181818183, (491, 807), -0.087027941911445098], [31.227272727272727, (500, 807), -0.092591629807551021], [31.272727272727273, (508, 807), -0.098168278523231234], [31.318181818181817, (517, 807), -0.10530012956404819], [31.363636363636363, (525, 806), -0.10397155192465832], [31.40909090909091, (534, 806), -0.11272761159037756], [31.454545454545453, (543, 805), -0.11291966075260258], [31.5, (552, 805), -0.12435499454676144], [31.545454545454547, (560, 804), -0.12435499454676144], [31.59090909090909, (569, 803), -0.12608809506459043], [31.636363636363637, (578, 802), -0.12832322768579479], [31.681818181818183, (587, 801), -0.13131543898308803], [31.727272727272727, (596, 800), -0.13552771398550073], [31.772727272727273, (605, 799), -0.14189705460416394], [31.818181818181817, (614, 798), -0.15264932839526515], [31.863636363636363, (623, 797), -0.17467219900823969], [31.90909090909091, (632, 795), -0.12435499454676144], [31.954545454545453, (640, 794), -0.12435499454676144]]]]
Panezio		 86 0 24 1
[[[0, [32.0, (649, 792), -0.22347660114063303], [32.043478260869563, (658, 790), -0.22373540030669781], [32.086956521739133, (669, 798), -0.28674540413194144], [32.130434782608695, (677, 796), -0.28897540999256643], [32.173913043478258, (686, 794), -0.29343568371533169], [32.217391304347828, (694, 792), -0.29635186027461485], [32.260869565217391, (703, 790), -0.30195116183024934], [32.304347826086953, (714, 797), -0.38515750636347418], [32.347826086956523, (722, 795), -0.39548029946659619], [32.391304347826086, (730, 792), -0.39852244566642026], [32.434782608695649, (738, 790), -0.4118073053617165], [32.478260869565219, (746, 787), -0.41704924198848525], [32.521739130434781, (754, 784), -0.42343940615971926], [32.565217391304351, (762, 782), -0.4444192099010989], [32.608695652173914, (770, 779), -0.45634846855710892], [32.652173913043477, (777, 776), -0.46364760900080609], [32.695652173913047, (784, 772), -0.45384400152151017], [32.739130434782609, (791, 769), -0.46364760900080609], [32.782608695652172, (798, 766), -0.47835243137865757], [32.826086956521742, (805, 762), -0.46364760900080609], [32.869565217391305, (812, 759), -0.49394136891958124], [32.913043478260867, (819, 755), -0.46364760900080609], [32.956521739130437, (825, 752), -0.46364760900080609]]]]
Panezio		 110 0 25 1
[[[0, [33.0, (832, 748), -0.74645682030040905], [33.041666666666664, (838, 744), -0.75373454132183415], [33.083333333333336, (844, 740), -0.76170591492702378], [33.125, (850, 736), -0.77047389840736336], [33.166666666666664, (856, 732), -0.78016260914104074], [33.208333333333336, (862, 728), -0.79092296906312098], [33.25, (868, 724), -0.80294022345485083], [33.291666666666664, (873, 719), -0.80402954764271306], [33.333333333333336, (879, 715), -0.8184986521127865], [33.375, (884, 710), -0.82084430365616301], [33.416666666666664, (889, 706), -0.83082144281902537], [33.458333333333336, (895, 701), -0.84318499416838599], [33.5, (900, 696), -0.8483778258303929], [33.541666666666664, (905, 691), -0.85459444201603096], [33.583333333333336, (910, 686), -0.8621700546672264], [33.625, (915, 681), -0.87160373707322714], [33.666666666666664, (920, 676), -0.88367211665345746], [33.708333333333336, (924, 671), -0.88187193858003521], [33.75, (929, 665), -0.88312507075616709], [33.791666666666664, (934, 660), -0.90675016396821195], [33.833333333333336, (938, 654), -0.88187193858003521], [33.875, (943, 649), -0.92729521800161219], [33.916666666666664, (947, 643), -0.87605805059819342], [33.958333333333336, (952, 637), -0.87605805059819342]]]]
Panezio		 135 -3 26 1
[[[0, [34.0, (956, 631), -1.2714945049757809], [34.039999999999999, (960, 625), -1.2831438617897548], [34.079999999999998, (956, 613), -1.2395222508046415], [34.119999999999997, (960, 607), -1.2510338413496003], [34.159999999999997, (964, 601), -1.263597759686359], [34.200000000000003, (968, 594), -1.2753554896511765], [34.240000000000002, (971, 588), -1.2835148733977624], [34.280000000000001, (975, 581), -1.297787623708186], [34.32, (979, 575), -1.3159560504268959], [34.359999999999999, (973, 564), -1.2407357143854625], [34.399999999999999, (977, 557), -1.254998083052846], [34.439999999999998, (980, 550), -1.2618655828711549], [34.479999999999997, (984, 544), -1.2835148733977624], [34.520000000000003, (987, 537), -1.2941279877130016], [34.560000000000002, (990, 530), -1.3068326031691921], [34.600000000000001, (993, 523), -1.322308906137494], [34.640000000000001, (987, 512), -1.1810877554520309], [34.68, (990, 505), -1.1832725210146178], [34.719999999999999, (993, 498), -1.1861916119726832], [34.759999999999998, (996, 491), -1.1902899496825317], [34.799999999999997, (999, 484), -1.1964627107873127], [34.840000000000003, (1002, 477), -1.2068173702852525], [34.880000000000003, (1005, 470), -1.2277723863741932], [34.920000000000002, (1008, 463), -1.2924966677897853], [34.960000000000001, (1010, 456), -1.2924966677897853]]]]
Panezio		 161 -1 25 1
[[[0, [35.0, (1013, 448), -1.4091749716118835], [35.03846153846154, (1015, 441), -1.4139043424813043], [35.07692307692308, (1017, 434), -1.4190311714671935], [35.115384615384613, (1020, 427), -1.4306174835582866], [35.153846153846153, (1022, 419), -1.4361324191018918], [35.192307692307693, (1024, 412), -1.4431163237202216], [35.230769230769234, (1026, 405), -1.4508081167185416], [35.269230769230766, (1028, 397), -1.4584889421023213], [35.307692307692307, (1029, 390), -1.4601391056210009], [35.346153846153847, (1031, 383), -1.4702957277402668], [35.384615384615387, (1032, 376), -1.4728960190564349], [35.42307692307692, (1033, 368), -1.4749371796848834], [35.46153846153846, (1034, 361), -1.4782777056752499], [35.5, (1034, 354), -1.4711276743037347], [35.53846153846154, (1035, 347), -1.4747076112775297], [35.57692307692308, (1035, 339), -1.4645314639038178], [35.615384615384613, (1035, 332), -1.4536875822280324], [35.653846153846153, (1045, 324), -1.6041173226731438], [35.692307692307693, (1045, 317), -1.6085142792617608], [35.730769230769234, (1044, 310), -1.5925320336366893], [35.769230769230766, (1043, 303), -1.5707963267948966], [35.807692307692307, (1041, 295), -1.5063694873693432], [35.846153846153847, (1040, 288), -1.4464413322481351], [35.884615384615387, (1048, 278), -1.9138202672155999], [35.92307692307692, (1045, 271), -1.849095985800008], [35.96153846153846, (1043, 264), -1.849095985800008]]]]
ARRIVO:
Panezio		 161 -1 25 1
		 